0.000000000000000000e+00
3.340888107124648286e+03
3.768797354023886328e+03
-6.572062102537529427e+00
6.413317225255757876e+03
1.679042464653297793e+04
1.194021740309842244e+04
1.216385426246854513e+04
5.314677318385975013e+03
1.971027811883378490e+03
4.958625462686522951e+03
3.828493462314945646e+03
2.907575357315427027e+02
7.488267467278485583e+02
-3.696706643232070746e+03
-2.503657008986305755e+03
2.271038368614910269e+03
1.647877336573425964e+03
3.178070630188051382e+03
4.055814674200831178e+03
2.808232096693033782e+03
2.073676563324186645e+03
4.671655038269941542e+03
4.988409414110155922e+03
5.513199989660834945e+03
4.861066508295186395e+03
3.815515070832737365e+03
3.438022630132026279e+03
3.499923446842238263e+03
3.033218201439034601e+03
4.022629819655139727e+03
4.594379596496806698e+03
3.785757736381498944e+03
5.402524923716924604e+03
7.188031129320006585e+03
8.760264849230441541e+03
9.535816158054394691e+03
9.446517486586713858e+03
9.617466539715751424e+03
8.498885304495677701e+03
8.931925699265351795e+03
9.404553495955058679e+03
7.914578025357261140e+03
8.216582055625365683e+03
8.996667858551012614e+03
9.302470737794461456e+03
1.000027050335730382e+04
1.013554961672595527e+04
1.026091068128031657e+04
1.148060787298324431e+04
1.167287550838753123e+04
1.235584021132362795e+04
1.174939146807610996e+04
1.256757473186436619e+04
1.218649299740013157e+04
1.176156170254401695e+04
1.152111907733217595e+04
1.130694865155750631e+04
1.205710374379432324e+04
1.169177476004104756e+04
1.207736236958371228e+04
1.218583375156367219e+04
1.230754927398006112e+04
1.274572019536388143e+04
1.319216349138007172e+04
1.356387416268790912e+04
1.361196162257181822e+04
1.342740894822244081e+04
1.403348114502815952e+04
1.395032042416861623e+04
1.382437544353911835e+04
1.407639198326196856e+04
1.415880741296063934e+04
1.399993470687110312e+04
1.398566018774188160e+04
1.421301836162876680e+04
1.378317680243162977e+04
1.363203675396440667e+04
1.381148506876118154e+04
1.381195318372933252e+04
1.360174038753724017e+04
1.374410036238756584e+04
1.376529188065664312e+04
1.365476034566887029e+04
1.376465560808103510e+04
1.377924906492413174e+04
1.400279175029940416e+04
1.407914812680846626e+04
1.371474642544376547e+04
1.379498800336764180e+04
1.402423803672490067e+04
1.376553394186085279e+04
1.316522932897923056e+04
1.303355497316440233e+04
1.277787007478949636e+04
1.260383902736392156e+04
1.254699070390882298e+04
1.258064001179401566e+04
1.260176469823752814e+04
1.249518059536495275e+04
1.234434170910084504e+04
1.209976151486653907e+04
1.192839572914615565e+04
1.168473637523750585e+04
1.160880005997869193e+04
1.145057565175702439e+04
1.140211228064196257e+04
1.145477789687130826e+04
1.130030790579283166e+04
1.141297285205536900e+04
1.119103163571403820e+04
1.103390658922276816e+04
1.096207448191050753e+04
1.080054322783159114e+04
1.062916948132508878e+04
1.044242375465867190e+04
1.034989492645712198e+04
1.017681183258387500e+04
9.964233267403496939e+03
9.842389512287933030e+03
9.666871581966175654e+03
9.296569952229418050e+03
9.201056417708081426e+03
8.965246371513967460e+03
8.767912255965971781e+03
8.559057452895622191e+03
8.267422686706617242e+03
8.072325514207240303e+03
7.873783196517096258e+03
7.681866330436071621e+03
7.433464270790131195e+03
7.195493219163446156e+03
6.983595922783139031e+03
6.740763609526252367e+03
6.529019889621195944e+03
6.335372092455088932e+03
6.065568977744119366e+03
5.820685591911180381e+03
5.565816907271826494e+03
5.275038043160010602e+03
5.057574684163778329e+03
4.800079154320024827e+03
4.528680364725111758e+03
4.262579605439564148e+03
4.003219850522707020e+03
3.726747855276773862e+03
3.474556235081483919e+03
3.181314148498582199e+03
2.891425776915585175e+03
2.620880355630436043e+03
2.342335644303456320e+03
2.087209262307829249e+03
1.824620276212539693e+03
1.547458628503453838e+03
1.265810203919207197e+03
9.833909377869989612e+02
6.896375247169299882e+02
4.147327717969633909e+02
1.313645683916747373e+02
-1.539555815251220565e+02
-4.524101325375858096e+02
-7.428153029755554826e+02
-1.026872586098028933e+03
-1.316124772019929878e+03
-1.582143857901551883e+03
-1.857177077024534583e+03
-2.133167720209746221e+03
-2.385404214917697118e+03
-2.663464440870590352e+03
-2.973127649534775173e+03
-3.218561709384858204e+03
-3.508208356588593688e+03
-3.759528259287511901e+03
-4.027270711931883852e+03
-4.350061922464235977e+03
-4.646431288315369784e+03
-4.982964888456122026e+03
-5.204299669571585582e+03
-5.474201324585047587e+03
-5.722689599438248479e+03
-5.910780822233919935e+03
-6.119494983436947223e+03
-6.444208982296818249e+03
-6.654012456167216442e+03
-6.897414923694247591e+03
-7.160012107888368519e+03
-7.296136911990220142e+03
-7.576005541774188714e+03
-7.808032769132423709e+03
-7.989195011773027545e+03
-8.220368248424541889e+03
-8.456225632812218464e+03
-8.555823691759998837e+03
-8.807577150457693278e+03
-9.038819077018135431e+03
-9.254417186346747258e+03
-9.400460650159939178e+03
-9.708382945317245685e+03
-9.961320182187104365e+03
-1.035791267977798816e+04
-1.059579821065524266e+04
-1.072755779174807139e+04
-1.083861657159361494e+04
-1.107824525975305369e+04
-1.129599566435740599e+04
-1.145894213787384433e+04
-1.149997162920394112e+04
-1.162281539465041169e+04
-1.169854415993486873e+04
-1.169307400386213703e+04
-1.185871868468369394e+04
-1.201512243334488630e+04
-1.210218491893380815e+04
-1.225624367446558426e+04
-1.222444232148536503e+04
-1.221457760448670342e+04
-1.246349135518235562e+04
-1.259709198690121411e+04
-1.283771303971680391e+04
-1.301171836180965511e+04
-1.300407094642342599e+04
-1.309256206298726647e+04
-1.311267505513486685e+04
-1.310210133284024414e+04
-1.311326484723543763e+04
-1.316983193623794614e+04
-1.327613513836962375e+04
-1.339691112146884370e+04
-1.356259187980071147e+04
-1.360912652193638314e+04
-1.375354072908331545e+04
-1.375517485171541011e+04
-1.357612488234496959e+04
-1.364179222595983447e+04
-1.351472646115554562e+04
-1.360957767878300183e+04
-1.359133736442446389e+04
-1.373292375463713324e+04
-1.362476147521558778e+04
-1.363794512316394503e+04
-1.364708136373868001e+04
-1.368869558315945505e+04
-1.368755846393804677e+04
-1.364044507867340690e+04
-1.362679319302051954e+04
-1.363125930977933604e+04
-1.346052676821026398e+04
-1.343028250571746685e+04
-1.335937414652255575e+04
-1.310884623467726669e+04
-1.293435358805557371e+04
-1.300490357906844838e+04
-1.286406376604561956e+04
-1.296997579978611247e+04
-1.286711069856553149e+04
-1.278295857601909665e+04
-1.263990365598688732e+04
-1.253167603890684040e+04
-1.228445266824247847e+04
-1.223682852988350169e+04
-1.215691856964604267e+04
-1.206521513314361255e+04
-1.186631281764637060e+04
-1.172835893086418400e+04
-1.158209901709894984e+04
-1.142855247186416454e+04
-1.124400068289263072e+04
-1.117005615794722507e+04
-1.093481367456958651e+04
-1.080004418582151084e+04
-1.066797094397581714e+04
-1.056067237692801064e+04
-1.028682555667934867e+04
-1.008934518184672197e+04
-9.919911079584300751e+03
-9.700700684091616495e+03
-9.459076080285900389e+03
-9.319218142295323560e+03
-9.122220564614779505e+03
-8.909707328784179481e+03
-8.675120928749933228e+03
-8.472002290559501489e+03
-8.285916481811229460e+03
-8.103181439297098223e+03
-7.894246336561996031e+03
-7.663707900710895046e+03
-7.415199581055846465e+03
-7.159413422438305133e+03
-6.941191612441067264e+03
-6.718399679758725142e+03
-6.440490716037446873e+03
-6.174203073899143419e+03
-5.932614868058631146e+03
-5.672632215185230962e+03
-5.391819954226548361e+03
-5.151463769808199686e+03
-4.880954931030049920e+03
-4.602988785066726450e+03
-4.298679505652560692e+03
-4.023237465532844453e+03
-3.736998231876836144e+03
-3.468019269630263807e+03
-3.202003627443403275e+03
-2.927744357964837945e+03
-2.665783617270608829e+03
-2.407947457539858078e+03
-2.135734114504666195e+03
-1.860930177975257493e+03
-1.573395162008618627e+03
-1.277778469063048988e+03
-9.988489772703509288e+02
-7.259672457319477417e+02
-4.390448422312783805e+02
-1.542243038333525078e+02
1.322997067962022584e+02
4.133308895233367366e+02
7.006721578639856034e+02
9.794180589394136405e+02
1.269683713001585829e+03
1.566948305964476958e+03
1.853944604216077551e+03
2.134820273210913911e+03
2.405705311484005506e+03
2.695506856792764211e+03
2.955806564274557331e+03
3.221180169623093207e+03
3.496955895343141492e+03
3.773887077609115295e+03
4.042041485829734029e+03
4.318817433597374475e+03
4.596842007131045648e+03
4.861519918010947549e+03
5.089622138636551426e+03
5.354075964966341417e+03
5.617027603696787992e+03
5.868791819408518677e+03
6.125547332384564470e+03
6.353604601764067411e+03
6.555776615178953762e+03
6.801668663083473803e+03
7.078553365110652521e+03
7.290917368202541184e+03
7.547367554233338524e+03
7.751388200678204157e+03
7.985292206863426145e+03
8.208816430524146199e+03
8.471155619283843407e+03
8.695040754791671134e+03
8.909016665415827447e+03
9.120417598924128470e+03
9.332459865633300069e+03
9.560502653536988873e+03
9.684539792607565687e+03
9.901887281743018320e+03
1.012064275216454553e+04
1.023418959001420444e+04
1.039119132735419953e+04
1.056910138347357861e+04
1.077754520844463877e+04
1.093892337122383833e+04
1.107321058144224844e+04
1.131769435457468353e+04
1.148562913524690885e+04
1.160562111682601426e+04
1.180657165739214543e+04
1.188127647030768640e+04
1.203584101186943008e+04
1.219207152343450980e+04
1.234132346012113157e+04
1.240434649728469230e+04
1.246414053328163209e+04
1.262137756871303282e+04
1.276940391497293240e+04
1.289892284231419580e+04
1.299270518866130260e+04
1.308126325422711852e+04
1.316261505226000190e+04
1.330813684975607430e+04
1.330964710633042523e+04
1.334218525948566639e+04
1.335530593345404668e+04
1.342688250173408233e+04
1.353114981958529097e+04
1.362404653398666414e+04
1.364812845636634120e+04
1.362898387426216323e+04
1.364162677800115853e+04
1.371826960725998833e+04
1.371605154374873928e+04
1.369135944033565647e+04
1.378870556941052018e+04
1.379727007457173386e+04
1.379330061895016297e+04
1.382827589925762004e+04
1.380014569828070125e+04
1.376683652518634881e+04
1.373184857358536465e+04
1.377868283089015858e+04
1.372831884337988413e+04
1.354777104918703481e+04
1.352875559877104388e+04
1.348616373209054473e+04
1.341057048309676065e+04
1.344267290171144305e+04
1.320251558668296457e+04
1.319323390437021590e+04
1.314918863571273323e+04
1.302078496173630992e+04
1.289496106130089174e+04
1.278330970012484431e+04
1.267463994539429041e+04
1.260432518952324244e+04
1.248112349222367993e+04
1.234686912825207583e+04
1.227332434120988910e+04
1.217553327782110136e+04
1.198340319544864906e+04
1.193848934506187470e+04
1.175567532006005968e+04
1.163809466502346004e+04
1.149193261039343088e+04
1.131382498643184954e+04
1.121903335357153810e+04
1.102879242963157230e+04
1.088123560317017473e+04
1.072533210322263403e+04
1.059451560724823503e+04
1.043903938818052666e+04
1.028491118293378167e+04
1.014083799969083702e+04
9.961625662895177811e+03
9.785500727675260350e+03
9.613275025554781678e+03
9.491965574524687327e+03
9.306410660300312884e+03
9.139767702721619571e+03
8.940718488722341135e+03
8.720253850214079648e+03
8.547846092573201531e+03
8.331679368730679926e+03
8.110548672800174245e+03
7.928272151033495902e+03
7.697055045231558324e+03
7.475201879877449755e+03
7.255972818970850312e+03
7.031040835047237124e+03
6.804527030881846258e+03
6.561617700813258125e+03
6.323529069965367853e+03
6.090957839791217339e+03
5.834844222211342640e+03
5.563925483539221204e+03
5.318878511519007589e+03
5.086201134839186125e+03
4.846465843793221211e+03
4.593091418447646902e+03
4.326940988766936243e+03
4.073765712598508799e+03
3.826102080391515301e+03
3.562284017691149074e+03
3.308970040508258990e+03
3.032973727334177056e+03
2.770206880424837891e+03
2.506289883191963327e+03
2.243224855226165801e+03
1.989086743077942629e+03
1.733330322203911464e+03
1.456343608655741946e+03
1.202198542658185943e+03
9.394101891949388801e+02
6.696329863704711443e+02
4.007437940219179495e+02
1.506740186134858561e+02
-1.275585639567651697e+02
-3.913087406977613796e+02
-6.624613368033740244e+02
-9.355925464192031313e+02
-1.205670049296442130e+03
-1.464995571793528825e+03
-1.728854217332903090e+03
-1.986522271965554182e+03
-2.233852305747206628e+03
-2.487404258522236432e+03
-2.746592315130547377e+03
-3.001903170349095035e+03
-3.245833784693369580e+03
-3.495595003996631021e+03
-3.768497924149241499e+03
-4.026849977158446563e+03
-4.280714600424738819e+03
-4.529162028159697911e+03
-4.788241795762336551e+03
-5.022296974823021628e+03
-5.260488710285637353e+03
-5.538514085086364503e+03
-5.788262876432338089e+03
-6.000296479240674671e+03
-6.216139507782355395e+03
-6.447419758812760847e+03
-6.697284828764114536e+03
