0.000000000000000000e+00
-3.639353710984714780e+03
6.487969637089735443e+03
-1.176101426523491682e+03
8.981971518794944132e+03
2.137509455176266329e+03
1.086937585958583804e+04
-7.065816202108178004e+03
-5.103460372662470945e+03
1.735791601916067157e+04
4.209439278784640919e+03
-4.260233436725009597e+03
2.045301003356403817e+04
1.338198184863737151e+04
-2.152261339258275257e+03
7.353997726000838156e+03
-8.940186532442903626e+03
1.365035369463778352e+03
1.617566860088907742e+04
3.614510619703514749e+02
3.280920894953128482e+03
3.925027143278517542e+03
9.873838072828573786e+03
1.081362708285248482e+04
6.347562574316976679e+03
-3.301826494262085362e+03
2.312051443978352836e+02
1.603306590908223370e+04
-1.138304029978660765e+03
1.626555209439151622e+04
1.009693411956653290e+04
-8.811416985547843069e+03
1.582083622903069772e+04
1.745676308688203062e+04
1.928236263596115532e+04
1.687586170556798606e+04
1.039048377770496518e+04
1.162052074430539869e+04
3.073737652209465887e+04
2.028207661312904747e+04
-6.960233518332037420e+03
2.197399365089205094e+04
4.544260571775975222e+03
1.396153336018505070e+04
3.075375134619706296e+04
4.268014904633046172e+03
1.519689479604586086e+04
1.409621800507997978e+04
5.946315398714209550e+03
1.998055346150979312e+04
-2.914396999460759616e+03
7.990659398128651446e+03
-7.478390718900569482e+03
1.703816257671375206e+04
1.408650756976243429e+04
1.943007867296208860e+04
1.622148160086704775e+04
1.891373167528865451e+04
2.561840228776678123e+04
8.175152074930093477e+03
-5.878974594398623594e+03
3.774792167043817244e+03
7.479720286617889542e+03
1.868537084055608284e+04
1.094904621283340020e+04
-4.937221704750565550e+03
1.532324561732453731e+04
2.881544694037161389e+04
6.249387636083363759e+03
2.241553992897310309e+04
5.103055710631608235e+03
2.263771199034500023e+04
2.244535144513183695e+04
-3.990937635288428282e+03
1.597712922807071118e+04
2.427743822021611777e+03
2.348077314187358570e+04
1.527463220326611736e+04
3.150596122265448867e+04
3.475312253583695565e+04
3.407547821009202744e+04
1.965836348114235807e+04
1.460630805190614774e+04
5.829901249009071762e+03
-1.059321491400288323e+04
2.428036863829365757e+04
2.635798512780593592e+04
1.062764343697317418e+04
1.162534937145974436e+04
1.768172776325469385e+04
5.658376955318770342e+03
1.726505084258819988e+04
8.962137705451943475e+03
8.488750661763646349e+03
3.677107094933344342e+03
7.971588940962525157e+03
8.281703531629700592e+02
3.551299127852160018e+04
2.490638699515046028e+04
2.136796662289910819e+04
1.155376492878269346e+04
3.404572734351457621e+04
4.067708679643939831e+03
2.109873208758640976e+04
6.606321611144747294e+03
2.333403668237044621e+04
5.129387540999867269e+03
2.606184148722965256e+04
5.312733825246365086e+03
-8.322903826632140408e+03
2.446707825881481403e+04
5.783140079206990777e+03
1.187747112269930039e+04
1.129785977297118916e+04
7.271259234100198228e+03
9.813139022152381585e+03
1.699763517214429521e+04
2.065676066910391819e+04
1.135498263628950917e+04
1.360684366889824923e+04
5.317643017370155576e+03
-1.396400851108131974e+03
1.010687153228724128e+04
1.098386817559411247e+04
1.630635228085322524e+03
1.399376428964708612e+04
1.189769791067161714e+04
-4.461644051371435125e+03
3.376483263409736537e+02
1.124732460302618711e+04
8.463578461032388077e+03
1.928344555680612393e+04
-6.581605154091341319e+03
2.090707224659441272e+04
1.717137129564713905e+04
1.761950221242148109e+04
9.743907929968499957e+03
2.016923529148572470e+03
1.163664213187354108e+04
2.180249544696173416e+03
-9.708373621989110688e+03
1.227125860961754188e+04
-5.944510594292116366e+03
1.299817775877321765e+04
2.701588843438024924e+04
8.001564998144418496e+03
-3.751179220757977419e+03
1.533569988729227589e+04
1.426710673347388820e+03
-6.806335088618325244e+02
1.523442237776908223e+04
4.101072020186817099e+03
9.144832250012581198e+02
8.891308210612452967e+03
8.915820151767789866e+03
1.816261836492487419e+04
6.878158316639076020e+02
-1.782367311149990201e+04
-5.480428228386967930e+02
2.186822586821078949e+04
8.909245585151873456e+03
8.383699123665744992e+03
5.491417241343970090e+03
4.768552477628487395e+03
9.778647604063888139e+03
-1.495020107613116306e+04
1.073119771404922903e+04
7.546462146578924148e+02
-1.668636841740875388e+04
3.416128412621553707e+03
2.258274980275876715e+03
2.246852808181660293e+03
-2.750181990444322582e+04
-8.770734793385956436e+03
-1.306286558969924226e+04
-2.719398917302060909e+03
-3.428820495672529887e+03
-8.050740551199978654e+03
4.645334948334786532e+03
1.262087558574874674e+04
-4.707168921452136601e+03
-4.274611551181949835e+03
1.838855561782472432e+04
-4.335273581341774843e+03
-2.303069745120107837e+04
-2.153448524492477736e+04
-1.643909725838352097e+04
-1.586371234628552702e+04
-1.126060930472285690e+03
-1.301138232750160569e+04
-3.262257189505022689e+04
-1.355629416771483011e+04
1.762496188279410126e+04
-1.892680945447040358e+04
-3.220192156549846914e+03
-1.053578956514395941e+04
-2.046650263080995501e+03
2.390470431906931481e+03
7.259941290483076955e+03
-9.230972697274037273e+03
-1.289820444362680064e+03
-3.058671472270934828e+04
-7.626702705795936708e+03
-1.455316391920369279e+04
-4.120160844092232765e+03
-4.281856684975534881e+04
-2.768059383241440810e+04
-7.150316031265569109e+03
-8.709069546284026728e+02
-9.315701024700696507e+03
-1.685745382559685459e+04
-2.263625594763885601e+03
-9.656379296539093048e+03
-1.446827716270152450e+04
-2.167387799228663789e+04
-1.572621538215941291e+04
8.311383865747957316e+02
5.433546374715402635e+03
-2.989212309711759735e+04
-2.733895201058488601e+04
-3.375181680405061343e+03
-2.603590043070691900e+04
-1.941527202863361163e+04
-4.179525277220851422e+03
-1.865517345335283608e+04
-5.309246807258456101e+03
-2.076509954960043615e+04
-2.639229115883767372e+04
-8.214141261756734821e+03
-6.786362405370419765e+03
-1.511836119035615411e+04
-3.798964886254441808e+04
-4.977627433008176013e+03
-1.644268321809998815e+04
-1.163510153206737232e+04
-2.499182628276649484e+04
-6.261187283188081892e+03
-5.701005795498163025e+03
-2.452372114018745197e+04
-2.149482105310078623e+04
-1.057816935559554440e+04
-1.855402698273423448e+04
-1.798887260768130727e+04
-1.335511018902667820e+04
-1.653723294280796472e+04
-1.412453173219623932e+04
-2.228387420821169508e+04
-2.095888960176958062e+04
-1.637723402727094617e+04
-2.364494157139646268e+04
-1.145938448255587537e+04
-2.377653724303901254e+04
-2.772889652798485622e+04
-1.336111815283659416e+04
-1.699659025238760660e+04
-8.523245836269103165e+03
-1.772043524422375413e+03
-1.518682224987891641e+04
-1.021225923209493703e+04
-1.737460534259309134e+04
-9.476708365745351330e+03
-2.457738158750924049e+04
-9.613644744049764995e+03
-8.820813371977639690e+03
-1.657455482484413369e+04
-9.568073982376594358e+03
-2.856667649122685543e+04
-1.860438881277791006e+04
-5.251059251804463202e+03
-2.388874245962153873e+04
-1.552432572910814270e+04
-1.873504420250722615e+04
-6.410482556250497510e+03
1.715706209392801975e+04
-3.347841380831615970e+04
8.517757757984110867e+03
6.368570453574595376e+03
-1.544595413716754410e+04
-8.221926941936326330e+03
-1.274552711891425133e+04
-6.100900603526217310e+03
6.697733353330004320e+02
-1.099360829608409585e+04
1.402342387212618087e+04
-1.007427572819682246e+04
-7.097274288717148011e+03
5.646188208409057552e+01
-7.456312438414257485e+03
-3.182028224657440205e+03
-4.165143331884079089e+03
-3.020263533581952652e+04
-1.423660666571868205e+04
-3.155529339319761220e+03
-8.232823736894031754e+03
1.243650143309546365e+03
-1.086401015112959976e+04
-8.862553895104369076e+03
-2.422060481720635289e+04
-2.075551758290525868e+02
-5.862375657167282043e+03
1.413143313537505674e+04
-4.212068837918319332e+03
1.054789877514607178e+04
1.938608999646766733e+03
-1.239632735434607184e+03
8.810490656211326495e+03
-3.243454092934971777e+04
1.557436046450513822e+04
-1.434781970097879457e+04
-4.432156438177142263e+03
2.998235346489151198e+03
-7.006296553003330700e+03
3.104128943312817228e+03
-2.906570734711300247e+03
-5.058509551615545092e+02
5.250799818135062651e+02
1.816428680958787663e+04
4.429560551084440704e+03
2.343579467171007309e+02
1.685988907552248929e+04
-7.654621840389632780e+03
-7.709617638004612672e+03
6.800448584749724432e+03
-7.864453094512613461e+03
1.721338295078551937e+03
5.517209076860686764e+03
1.060796573262589845e+03
-2.815855662397108972e+03
6.529428815878221940e+03
1.438046090096798434e+04
-5.205186698010371401e+03
-2.108726152848023048e+03
1.331350437465214054e+04
1.050678268268617103e+04
4.659754953857400324e+03
1.875051218408982459e+04
1.490156854998110794e+04
-4.016587997769663161e+03
-8.709143770061255054e+03
1.332963845155756098e+04
-3.620177429425682931e+03
6.281728698034950867e+03
-2.912297870760221485e+03
1.069387506773697532e+04
-5.112155686144727952e+03
1.393206734328753373e+04
5.533592060021737780e+03
2.125953308846494838e+04
1.715832498542244139e+04
2.006843124922340212e+04
-6.125179614216543996e+03
2.141017057880369066e+03
2.568982873105303588e+04
-5.289127559975153417e+03
2.058455892833559483e+04
-4.190557718690717593e+03
4.375372557621048145e+03
1.011402345996034455e+04
-5.430640580208955726e+03
2.056190697118365279e+03
2.484945175002639371e+04
2.210062218135601142e+03
2.375563682445725863e+04
2.814469994973750727e+04
1.452435892995381073e+04
1.550440825547096756e+04
1.502280175988915289e+03
8.681424929484088352e+03
8.606467314219626132e+02
7.974120214567865332e+02
2.638588771952839306e+04
8.421420825950312064e+03
4.156064758504313431e+03
1.747456094909417880e+04
-1.858756658865498321e+04
-1.368566769225944881e+02
5.896736244472011094e+03
-2.802573270772769320e+03
2.004147812588466331e+04
1.360291699666619206e+04
6.490480169939441112e+03
2.106433250329417933e+04
1.180516895125823794e+04
2.209343672856411649e+04
1.119876279668850293e+04
1.466319510024719966e+04
1.953131535212744711e+04
5.716893198722342277e+03
2.264280803171700973e+04
1.873938157309947928e+04
3.002682528390498192e+04
-1.365803485625201574e+03
2.062918928827915806e+04
6.237249448658214533e+03
1.165697998227781136e+04
-4.631947782794582963e+03
2.126276020342276752e+04
7.984827624594363442e+02
2.296657688253575907e+04
1.382811634068270178e+04
5.876103567469658628e+03
2.924557371748598598e+03
9.316627864278307243e+03
2.648763847885671930e+04
1.323074843845263058e+04
1.303589734484420660e+04
1.040343767342152205e+03
1.721164963289114894e+04
1.113084273678768295e+04
-5.294568669970176416e+02
1.096219228454338190e+04
1.836426738329443833e+04
2.103643301327017980e+04
7.711973008405939254e+03
4.817860892572649391e+03
1.244366101580500072e+04
3.050373904758512072e+04
6.773818030343137252e+03
1.749483242285894812e+04
3.710884942926999429e+03
1.215715571883320627e+04
1.245001603074450395e+04
7.367968298409874478e+03
8.063843700538767735e+03
2.544368763490330457e+04
2.250102615412031082e+04
9.115851554033602952e+03
1.477718572023005981e+04
-1.161898470325499147e+03
1.233057209362007779e+04
-3.566032636398036630e+03
8.768713231890518728e+03
1.368795639416975064e+04
-1.443957589914291020e+04
8.276243457421820494e+03
-1.087062648094895849e+03
1.407533129304708200e+04
5.231454173375997016e+03
2.021121370583915268e+04
-2.411299630532181254e+03
1.323572681288038621e+04
1.554592131498371418e+04
8.195793060413874628e+03
1.506493805067049834e+04
9.327274410608712060e+03
1.565126562701090370e+04
-1.415832463447904956e+03
8.330510705471942856e+03
-5.656874372924648924e+02
-1.028370723210331016e+04
1.956130846359378211e+03
-9.154920937503022287e+03
1.320677983335624776e+04
-1.764549929699123823e+02
4.532885753922142612e+03
1.323273067644187904e+03
7.807511938389778152e+03
2.559027904731938906e+04
7.663368498106240622e+03
-4.534958199007080111e+03
-8.737638152595809515e+03
4.036958031003719952e+03
8.188046659390020068e+03
-1.649570875531100319e+04
-1.267635718034149249e+04
-1.756187624004288227e+04
2.298452525675037577e+03
1.442673188191490954e+04
1.522091247943229746e+03
6.324402603312605606e+03
-6.446752818494189341e+03
-8.001867745751927032e+03
1.921116707225361097e+04
-1.277927934624851696e+04
5.279972294433591742e+03
-1.310608172360428216e+04
-5.224762285202995372e+03
-1.082133229014778044e+04
4.432989946070451879e+03
1.506591329353957190e+04
-1.434832777963023364e+04
-2.016722683098166044e+03
-4.058045554333542896e+03
-5.936010427981408611e+03
-8.163166902685336026e+03
-1.363719852000646642e+04
-9.577783603773399591e+03
-9.304891656668228279e+02
-9.316279335130780055e+02
-3.812473396299106753e+03
-4.236344866781213568e+03
-7.845404700096096349e+03
-1.510907656407199465e+04
2.115628713509138834e+03
-2.239222196246847307e+04
-2.317440196974598621e+03
-8.429409329232930759e+03
-1.331780765589046496e+04
-9.656005498780423295e+03
7.010182463809852379e+03
