0.000000000000000000e+00
2.929095722332082914e+03
-4.162321917129158464e+03
-1.317351112978419224e+03
5.214006720686054905e+03
2.946953902073725658e+03
5.446575912437569968e+03
-1.116131568096189767e+03
1.139842707237197828e+03
3.123313356041287079e+03
1.037579469977685676e+03
4.146379948953609528e+03
3.414875598293738676e+03
2.338098313303608847e+03
2.303748552760059283e+03
2.450638350632951187e+03
3.874138973993129639e+03
1.248410526632459550e+03
2.412933232186614987e+03
3.524723232085836571e+03
6.341300743266308928e+03
6.341488642849690223e+03
5.311706022712434788e+03
5.696837877986469721e+03
6.214516131811319610e+03
6.508393442263945872e+03
7.561404521844390729e+03
9.045213130867075961e+03
9.175679518002734767e+03
9.218616421979508232e+03
9.454785908235198804e+03
1.085792573362465191e+04
1.106971233788871905e+04
1.087736416051387823e+04
1.181943277656725877e+04
1.194132741302056274e+04
1.253055833675918802e+04
1.192512829360695287e+04
1.246562737602639936e+04
1.106620871818340493e+04
1.106213889402176392e+04
1.120532602106756894e+04
1.144525919242823511e+04
1.076107031298571383e+04
1.079852666697400855e+04
1.099009693920917744e+04
1.141882091506551842e+04
1.213982146803834257e+04
1.227354421533071945e+04
1.265031106113657370e+04
1.246186572448141305e+04
1.260138312524743560e+04
1.213966030669058273e+04
1.214099183742066998e+04
1.252797744542725377e+04
1.273088250948279165e+04
1.210595850535075260e+04
1.253490863273415926e+04
1.239196999797353601e+04
1.259945789544301988e+04
1.353774593280271620e+04
1.307865581088480758e+04
1.321913371884041953e+04
1.375691453801349417e+04
1.320842352365741863e+04
1.368463961480083708e+04
1.345111196402528549e+04
1.364072764947156429e+04
1.334112924558520353e+04
1.319146931884639343e+04
1.323120271063495420e+04
1.304059912486218127e+04
1.332538725738216090e+04
1.341944042491408072e+04
1.335881631138127341e+04
1.307751793882483980e+04
1.335514716935080651e+04
1.337085824859391687e+04
1.308507253574537572e+04
1.259140686966353496e+04
1.270258555061186962e+04
1.247920550528692002e+04
1.273680894308639836e+04
1.314617236989703633e+04
1.328967633222154291e+04
1.305527790442941114e+04
1.304935210040908532e+04
1.253386076721058089e+04
1.264404536092027774e+04
1.253968388988433799e+04
1.275542209268450279e+04
1.249241035725788242e+04
1.214861494233648955e+04
1.184224198778383106e+04
1.175924770090818129e+04
1.154911774353234796e+04
1.117865753557788776e+04
1.112515913887744500e+04
1.083166154450143949e+04
1.071356417977201454e+04
1.085061281413107827e+04
1.075742820583354660e+04
1.061185148943436252e+04
1.058711558441604211e+04
1.082287064497553001e+04
1.081836246030556322e+04
1.073633743766864427e+04
1.029612777473758797e+04
1.008739716022319226e+04
9.911914816846408939e+03
9.786991809673050739e+03
9.593746563678911116e+03
9.433447953513617904e+03
9.330641031023220421e+03
9.158468244278345082e+03
9.028910423732197160e+03
8.810747970025624454e+03
8.770220073986922216e+03
8.698468872888490296e+03
8.534620389325338692e+03
8.503911968477937990e+03
8.337654893322493081e+03
8.173756353967467476e+03
7.952873376073970576e+03
7.733752876611441934e+03
7.569638675268948646e+03
7.354502308534676558e+03
7.154330368929737233e+03
6.934104836606626122e+03
6.765640412957887747e+03
6.572482893712616715e+03
6.387920201166271909e+03
6.161830897611312139e+03
5.894401845975143260e+03
5.661374070008057060e+03
5.427839910223587140e+03
5.227384040996137628e+03
4.988682822736808703e+03
4.769114064726194556e+03
4.531022193663065082e+03
4.293388481512545695e+03
4.066151411829725475e+03
3.827747896218766073e+03
3.598744823139968048e+03
3.344556284305210738e+03
3.102257804346000739e+03
2.868713843524863023e+03
2.644761298968141091e+03
2.417151131800776056e+03
2.178275795838676913e+03
1.958490251292578023e+03
1.713887003686118305e+03
1.483721712788915056e+03
1.244688012405867767e+03
9.972768646265790267e+02
7.668647501552563881e+02
5.202718442383470574e+02
2.857064613028082931e+02
5.194209735584547616e+01
-1.889384002942846337e+02
-4.521147047924493450e+02
-6.789218991788520725e+02
-9.356745332828301116e+02
-1.172584240883211123e+03
-1.420239842056805855e+03
-1.647231346642620338e+03
-1.863523140514294028e+03
-2.083373932928769136e+03
-2.320159046318312448e+03
-2.574807142506285345e+03
-2.787406485883662299e+03
-3.059228555455097649e+03
-3.280273022718704851e+03
-3.538359275434836036e+03
-3.747440843210717048e+03
-3.969833676988067509e+03
-4.180639417870293983e+03
-4.382445584893216619e+03
-4.558989935369880186e+03
-4.779910293727835779e+03
-5.043308040517077643e+03
-5.265701883472293957e+03
-5.485082199856765328e+03
-5.711183534953970593e+03
-5.964084880581901416e+03
-6.188941989191179346e+03
-6.355162169365386944e+03
-6.507744387470332185e+03
-6.750666731863989298e+03
-7.012965283169154645e+03
-7.310753553314924829e+03
-7.478738197116146694e+03
-7.654524745088907366e+03
-7.864199107876728704e+03
-7.982686887080531960e+03
-8.201788100899702840e+03
-8.331551418113811451e+03
-8.383970351889469384e+03
-8.476872485201425661e+03
-8.612528242261856576e+03
-8.731319283972481571e+03
-8.846422332483105492e+03
-8.846862161214909065e+03
-9.081838677695477600e+03
-9.149637230943404575e+03
-9.374519638195919470e+03
-9.513126938635632541e+03
-9.521310907409198990e+03
-9.622071769286922063e+03
-9.667442046439062324e+03
-9.873009232372309270e+03
-1.001047686972193151e+04
-1.011248769015580183e+04
-1.017314459880245158e+04
-1.030206373375963994e+04
-1.049200183832074981e+04
-1.065197527583114243e+04
-1.070870767876768514e+04
-1.065712443314261691e+04
-1.084727306670074358e+04
-1.107500464304747402e+04
-1.118451039653153930e+04
-1.129581067682489993e+04
-1.136982312269495742e+04
-1.148744624877471506e+04
-1.154598968976516153e+04
-1.154586792508305189e+04
-1.165503049758368434e+04
-1.167361491112504700e+04
-1.205977072361874343e+04
-1.205626997284857862e+04
-1.194611250262113390e+04
-1.181690937168842538e+04
-1.183798436892440623e+04
-1.180412872209103625e+04
-1.186647533634500178e+04
-1.182855623176650806e+04
-1.182517850994252331e+04
-1.186137829204558511e+04
-1.194856950156393941e+04
-1.186972703704604282e+04
-1.193067169088642186e+04
-1.188758371686567807e+04
-1.189061687345858263e+04
-1.178584015528312739e+04
-1.183402341228330442e+04
-1.188663693675430295e+04
-1.189216042762552206e+04
-1.190822810591633424e+04
-1.179152781891196355e+04
-1.168664296003911295e+04
-1.161250873483616488e+04
-1.151580795475523155e+04
-1.151684427644102470e+04
-1.148426095386662746e+04
-1.146715571470666328e+04
-1.140765395684810028e+04
-1.141715998070749447e+04
-1.134340214208471480e+04
-1.120076598233690129e+04
-1.107682486261877420e+04
-1.105073120974802623e+04
-1.096713127438737683e+04
-1.083774425833864370e+04
-1.079724422562137443e+04
-1.058948826847957753e+04
-1.038829286665660948e+04
-1.026170314318994861e+04
-1.011176526900315002e+04
-9.930165052435520920e+03
-9.749890894993930488e+03
-9.680484739479672498e+03
-9.521458779801330820e+03
-9.360686820170129067e+03
-9.191150730101731824e+03
-9.012105885695613324e+03
-8.909763440529581203e+03
-8.750083282326853805e+03
-8.581208105176037861e+03
-8.359937396449982771e+03
-8.201793561001402850e+03
-7.953233508060170607e+03
-7.715651309006984775e+03
-7.502723352387156410e+03
-7.343019415282113187e+03
-7.125018081078836076e+03
-6.936637530505217910e+03
-6.740187133492297107e+03
-6.525073842531794980e+03
-6.302970974004564596e+03
-6.097475530263369365e+03
-5.857029587359733341e+03
-5.644057048545964790e+03
-5.393828703523946388e+03
-5.178276993078528903e+03
-4.946003666331085697e+03
-4.710492290524391137e+03
-4.474042569633781568e+03
-4.220449917168696629e+03
-3.955571408178354432e+03
-3.734411033175898865e+03
-3.489067100131499046e+03
-3.232383460082542570e+03
-2.960511701906983944e+03
-2.713680318178770449e+03
-2.458495833463399322e+03
-2.220304166069947314e+03
-1.958681962155418432e+03
-1.715580025463467564e+03
-1.463564804100642959e+03
-1.208739226961653003e+03
-9.538352266320546278e+02
-7.159639158712811877e+02
-4.591540985602736669e+02
-2.051196911997294023e+02
3.827678426743592865e+01
3.098034169771468100e+02
5.648339170733837591e+02
8.127098871312161918e+02
1.064597410961035848e+03
1.311444175440355593e+03
1.566492625344065118e+03
1.819097313536947922e+03
2.070032737561322847e+03
2.350007316134060147e+03
2.593810509224950692e+03
2.847030730846738606e+03
3.085409563141815397e+03
3.354178779094438141e+03
3.611357051351540576e+03
3.862304334412310254e+03
4.101411097005683587e+03
4.364217329080099262e+03
4.623310159013294651e+03
4.850462737060359359e+03
5.076702618476861971e+03
5.307573756123873864e+03
5.563950818302571861e+03
5.788384842163279245e+03
6.004388566926612839e+03
6.212593582721834537e+03
6.409961759189267468e+03
6.632032934202299657e+03
6.864460787957083994e+03
7.090943979175815002e+03
7.312124196419505097e+03
7.517508199227268051e+03
7.688614119842047330e+03
7.916676636516472172e+03
8.083857468277866246e+03
8.284843005049622661e+03
8.492536267025699999e+03
8.643578424977833492e+03
8.829813769536556720e+03
9.058860061213517838e+03
9.253481072281627348e+03
9.468021034719653471e+03
9.650521160305564990e+03
9.804730871106097766e+03
1.002105398051406701e+04
1.016927438304917814e+04
1.037340423348984950e+04
1.049444194185263405e+04
1.065402841315806108e+04
1.083702575699490626e+04
1.097010119719202703e+04
1.113936805793565691e+04
1.133329214229603531e+04
1.139210596741717382e+04
1.153742092814609896e+04
1.159069025925407914e+04
1.172817268750739095e+04
1.189455734771075186e+04
1.193967198433400335e+04
1.208414551907702844e+04
1.225162250653442788e+04
1.240439353478592784e+04
1.252579968299435677e+04
1.261260009098968294e+04
1.270541870622289753e+04
1.281900133933493089e+04
1.293651298120977117e+04
1.301375689917562522e+04
1.306467487144102961e+04
1.300435727040728489e+04
1.298094097333675563e+04
1.299464071213198258e+04
1.310343079340105760e+04
1.319870319976853898e+04
1.328807716735905706e+04
1.336473695148064508e+04
1.336552766164845161e+04
1.332998164336183254e+04
1.332007308864993320e+04
1.339377941413495682e+04
1.342542670188665215e+04
1.330159338263360041e+04
1.321205764803187958e+04
1.322462767126243125e+04
1.319334395833276540e+04
1.318368425358583772e+04
1.314813313355387072e+04
1.316974378024288308e+04
1.313362985475970891e+04
1.310032367921367950e+04
1.304515415389675036e+04
1.296784713919708338e+04
1.291686393692292040e+04
1.281676598917502452e+04
1.280691382970132327e+04
1.271885002663499290e+04
1.271224687653530600e+04
1.265213475771842423e+04
1.257942408645957948e+04
1.247877264510805435e+04
1.234334781594355445e+04
1.222735955864623065e+04
1.207354296404072011e+04
1.196524219598082163e+04
1.176941718207829945e+04
1.166624523965860135e+04
1.152008262557884700e+04
1.143253829849034082e+04
1.134345544098660321e+04
1.120455485830763973e+04
1.101684427183931439e+04
1.086017569871510932e+04
1.075026284107628999e+04
1.057787732036332818e+04
1.039718468220832983e+04
1.017201452973474079e+04
9.959399446392253594e+03
9.783771643584055710e+03
9.576073699639428014e+03
9.371697496794773542e+03
9.170703539920335970e+03
8.965525155420635201e+03
8.747573281221268189e+03
8.534845347851593033e+03
8.334233393301077740e+03
8.097155173232947163e+03
7.878365255132438506e+03
7.639504659234639803e+03
7.397808455681981286e+03
7.140076300108692521e+03
6.913642791269798181e+03
6.691588850123675911e+03
6.443790202671019870e+03
6.188647880630838699e+03
5.952646685213559067e+03
5.695631104023679654e+03
5.473310469272400042e+03
5.253192037324567536e+03
4.988334285943275063e+03
4.762270226987872775e+03
4.513380702850441594e+03
4.263726734538537130e+03
3.998139693354085921e+03
3.733782245328138288e+03
3.479396217846430318e+03
3.203516001660087568e+03
2.944648388613571115e+03
2.678594118275735127e+03
2.406665348248948249e+03
2.139830524075055564e+03
1.864620880640785117e+03
1.585324168628465031e+03
1.311929286790518290e+03
1.028402684049493473e+03
7.670076999803960689e+02
4.954367045835858221e+02
2.153515979236024407e+02
-6.394432328832812118e+01
-3.443163584838915767e+02
-6.107528594089056924e+02
-8.908337016769860384e+02
-1.167136012670363016e+03
-1.443093948733687284e+03
-1.719739402992222040e+03
-1.999650269279939039e+03
-2.279049488450405534e+03
-2.556835666810338807e+03
-2.812020267599857107e+03
-3.072068501827736782e+03
-3.329415683400298803e+03
-3.589881086854114983e+03
-3.840073895728230127e+03
-4.112536454009615227e+03
-4.365451751851182053e+03
-4.648108743346174379e+03
-4.919855988674194123e+03
-5.153332195156954185e+03
-5.425861149964243850e+03
-5.662545969292144946e+03
-5.901042027928847347e+03
-6.140411532345834530e+03
-6.370529884099250921e+03
-6.593526839610647585e+03
-6.840736873867492250e+03
-7.042273584109885633e+03
