0.000000000000000000e+00
-3.753903151909319604e+03
2.258285578781891672e+03
5.318367519927983267e+03
8.489945412393335573e+03
8.436889256904643844e+03
6.387728497871117725e+03
3.511052688408697577e+03
-7.662820834506601386e+01
6.091124515217066801e+03
1.195285257155214276e+04
9.760002822020203894e+03
7.495204011516323590e+03
6.635901110647875612e+03
6.748288503825734551e+03
5.608331887855168134e+03
5.306171327359974384e+03
4.298897795451996899e+03
2.332534185439650173e+03
1.412315951188009876e+03
2.962569329481369095e+03
1.523128617116141186e+03
3.739475099613166094e+03
4.085541257274876898e+03
4.647118938952244207e+03
4.189523839977903663e+03
5.970288874440895597e+03
7.771482779038319677e+03
7.317211068679959681e+03
8.435801535286725994e+03
8.890807829951922031e+03
7.937971117265204157e+03
6.793551537529678171e+03
7.818479141780659120e+03
8.463462316488610668e+03
9.058603645054432491e+03
1.132011081141682189e+04
1.126456659261274399e+04
1.171901709054989442e+04
1.214223575405559131e+04
1.273413916672796768e+04
1.218149363501255175e+04
1.195672265684826016e+04
1.294449365107907033e+04
1.254052961678318570e+04
1.367018060428744684e+04
1.284260238622917313e+04
1.277760167905134949e+04
1.279103748155496214e+04
1.340455010275631685e+04
1.370000000000000000e+04
1.370000000000000000e+04
1.370000000000000000e+04
1.370000000000000000e+04
1.370000000000000000e+04
1.370000000000000000e+04
1.370000000000000000e+04
1.370000000000000000e+04
1.370000000000000000e+04
1.370000000000000000e+04
1.370000000000000000e+04
1.370000000000000000e+04
1.370000000000000000e+04
1.370000000000000000e+04
1.370000000000000000e+04
1.370000000000000000e+04
1.370000000000000000e+04
1.370000000000000000e+04
1.370000000000000000e+04
1.370000000000000000e+04
1.370000000000000000e+04
1.370000000000000000e+04
1.370000000000000000e+04
1.370000000000000000e+04
1.370000000000000000e+04
1.370000000000000000e+04
1.370000000000000000e+04
1.370000000000000000e+04
1.370000000000000000e+04
1.370000000000000000e+04
1.370000000000000000e+04
1.370000000000000000e+04
1.370000000000000000e+04
1.370000000000000000e+04
1.370000000000000000e+04
1.370000000000000000e+04
1.370000000000000000e+04
1.370000000000000000e+04
1.370000000000000000e+04
1.370000000000000000e+04
1.370000000000000000e+04
1.370000000000000000e+04
1.370000000000000000e+04
1.370000000000000000e+04
1.370000000000000000e+04
1.370000000000000000e+04
1.370000000000000000e+04
1.370000000000000000e+04
1.370000000000000000e+04
1.370000000000000000e+04
1.370000000000000000e+04
1.370000000000000000e+04
1.370000000000000000e+04
1.370000000000000000e+04
1.370000000000000000e+04
1.370000000000000000e+04
1.370000000000000000e+04
1.370000000000000000e+04
1.370000000000000000e+04
1.370000000000000000e+04
1.370000000000000000e+04
1.370000000000000000e+04
1.370000000000000000e+04
1.370000000000000000e+04
1.368582848998806003e+04
1.352709452351545588e+04
1.319475407344591804e+04
1.295975087033162890e+04
1.275515721461264911e+04
1.256781664193640790e+04
1.239488232680060537e+04
1.208373350749203564e+04
1.177275009350730397e+04
1.148154302910061051e+04
1.121594584815401868e+04
1.095363566346068728e+04
1.065695997712959070e+04
1.029039226439449885e+04
9.972656261417090718e+03
9.670929416156111984e+03
9.398339188184792874e+03
9.043222018289068728e+03
8.742354658909905993e+03
8.440030349562073752e+03
8.090382124153243240e+03
7.729638004964132051e+03
7.396660141321082847e+03
7.028951528625983883e+03
6.712858341067267247e+03
6.417151209257939627e+03
6.091875017659474906e+03
5.761074268518641475e+03
5.405968096058410083e+03
5.063601097327269599e+03
4.741311249625236997e+03
4.427399986497779537e+03
4.088302942494739000e+03
3.747264675425873975e+03
3.423070776436932647e+03
3.087817394963270090e+03
2.739717927511595917e+03
2.405984110526619588e+03
2.056008050028294292e+03
1.707400382197818772e+03
1.359097930930601251e+03
1.011823679915251660e+03
6.646114070697333318e+02
3.134584591033962511e+02
-5.839821938246257105e+01
-4.054177311474129510e+02
-7.515802337290189143e+02
-1.102515655675110338e+03
-1.442862114166485298e+03
-1.759313018099597684e+03
-2.093717862081465682e+03
-2.438497701201906693e+03
-2.791843167592118334e+03
-3.163291253140953813e+03
-3.486183647805915371e+03
-3.823039752087981014e+03
-4.097048607306328449e+03
-4.435736114121996252e+03
-4.761546759897701122e+03
-5.106621073901375894e+03
-5.437084270927678517e+03
-5.740458924346251479e+03
-6.047418198813904382e+03
-6.388289057022950146e+03
-6.719203166175725528e+03
-6.912989817259488518e+03
-7.154365907453496220e+03
-7.395734699774189721e+03
-7.712905034169790270e+03
-8.000691017601831845e+03
-8.234651964038921506e+03
-8.494867396392835872e+03
-8.816310294116126897e+03
-9.018585982526810767e+03
-9.195917855713445533e+03
-9.348939850953573114e+03
-9.655886141145492729e+03
-9.966189170434654443e+03
-1.014199823218898200e+04
-1.033994252932423296e+04
-1.071074025266967146e+04
-1.086784696135502600e+04
-1.101953071540886231e+04
-1.140485952152153186e+04
-1.166237762201874466e+04
-1.192317571544974271e+04
-1.207196496236556231e+04
-1.227322591327958617e+04
-1.245878913212648331e+04
-1.270055834950420467e+04
-1.293810521409617650e+04
-1.296914357409234435e+04
-1.316179961731375988e+04
-1.336277109347286387e+04
-1.346237868299949878e+04
-1.360532249693767881e+04
-1.363623534206497607e+04
-1.370000000000000000e+04
-1.370000000000000000e+04
-1.370000000000000000e+04
-1.370000000000000000e+04
-1.370000000000000000e+04
-1.370000000000000000e+04
-1.370000000000000000e+04
-1.370000000000000000e+04
-1.370000000000000000e+04
-1.370000000000000000e+04
-1.370000000000000000e+04
-1.370000000000000000e+04
-1.370000000000000000e+04
-1.370000000000000000e+04
-1.370000000000000000e+04
-1.370000000000000000e+04
-1.370000000000000000e+04
-1.370000000000000000e+04
-1.370000000000000000e+04
-1.370000000000000000e+04
-1.370000000000000000e+04
-1.370000000000000000e+04
-1.370000000000000000e+04
-1.370000000000000000e+04
-1.370000000000000000e+04
-1.370000000000000000e+04
-1.370000000000000000e+04
-1.370000000000000000e+04
-1.370000000000000000e+04
-1.370000000000000000e+04
-1.370000000000000000e+04
-1.370000000000000000e+04
-1.370000000000000000e+04
-1.370000000000000000e+04
-1.370000000000000000e+04
-1.370000000000000000e+04
-1.370000000000000000e+04
-1.370000000000000000e+04
-1.370000000000000000e+04
-1.370000000000000000e+04
-1.370000000000000000e+04
-1.370000000000000000e+04
-1.370000000000000000e+04
-1.370000000000000000e+04
-1.370000000000000000e+04
-1.370000000000000000e+04
-1.357286854219028828e+04
-1.334093717821825885e+04
-1.320673882682900694e+04
-1.306991719483761517e+04
-1.290341985921534069e+04
-1.267300469058129966e+04
-1.239904264883600990e+04
-1.223691803351889030e+04
-1.201905637830975320e+04
-1.191294752647775749e+04
-1.173919832177653552e+04
-1.159021473152166982e+04
-1.146278869424973891e+04
-1.113264372413580168e+04
-1.103187522718087530e+04
-1.076432778808585681e+04
-1.054069219810570758e+04
-1.026496482445035508e+04
-1.006496814228483890e+04
-9.835556192582083895e+03
-9.595211976455946569e+03
-9.377092342451887816e+03
-9.107650031797984411e+03
-8.866768972417325131e+03
-8.617930973469843593e+03
-8.375957752260586858e+03
-8.126031756365250658e+03
-7.955682474139611259e+03
-7.680400124516664619e+03
-7.423203344119703615e+03
-7.180593283681294452e+03
-6.941790320204207092e+03
-6.678601585386016268e+03
-6.435028049170878148e+03
-6.187295001345601122e+03
-5.914203221318392934e+03
-5.647269690157791956e+03
-5.395066432801962947e+03
-5.118914455622498281e+03
-4.845873753382708855e+03
-4.553824015778727698e+03
-4.273366755597211522e+03
-4.012822716509680049e+03
-3.746314660542395359e+03
-3.477633551586805879e+03
-3.193740252710869754e+03
-2.910137286027537357e+03
-2.643264987577495504e+03
-2.347194213118786138e+03
-2.058639347492300658e+03
-1.776797709257880115e+03
-1.494354823810083644e+03
-1.199880420918826985e+03
-8.943821440904916926e+02
-5.971273853051261540e+02
-3.141802319966338359e+02
-2.438423720921078797e+01
2.639750725454021563e+02
5.450257706769215247e+02
8.492166264160666742e+02
1.153121779577026246e+03
1.445425025000039341e+03
1.729445131052525539e+03
2.023340343151708112e+03
2.317740187491468987e+03
2.586617048637358948e+03
2.852292896843558538e+03
3.161562693789840978e+03
3.466406488716694639e+03
3.754689240630565564e+03
4.038913631884528968e+03
4.307726195922517036e+03
4.587298137226933250e+03
4.849018059898127831e+03
5.122872186414104362e+03
5.398766254495898465e+03
5.667862481909999588e+03
5.942028634076457820e+03
6.194969800762082741e+03
6.455110505315260525e+03
6.716222168814634642e+03
6.961948787590702523e+03
7.207480724837820162e+03
7.480723847589636534e+03
7.740819440557976122e+03
7.957850503278880751e+03
8.212649741481047386e+03
8.433072907826724986e+03
8.638149434892216959e+03
8.921209591431519584e+03
9.108369499895803528e+03
9.321981215482832340e+03
9.575657775155408672e+03
9.770935370632028935e+03
9.996621040607175019e+03
1.024392309864290110e+04
1.043041323538602956e+04
1.062924896920529682e+04
1.079912409853453028e+04
1.093308262998822102e+04
1.114899492177198044e+04
1.131634129129514258e+04
1.144770880597385622e+04
1.165875020583242986e+04
1.187766599421477622e+04
1.206008776289894740e+04
1.214905382498423569e+04
1.223353219575866206e+04
1.236641071165043832e+04
1.245160683808785143e+04
1.261335319864825578e+04
1.273075059327356757e+04
1.290983309921510772e+04
1.313542650666798363e+04
1.322377492331297435e+04
1.334275269306442351e+04
1.338274190795413961e+04
1.355134799000385283e+04
1.361835033675736668e+04
1.370000000000000000e+04
1.370000000000000000e+04
1.370000000000000000e+04
1.370000000000000000e+04
1.370000000000000000e+04
1.370000000000000000e+04
1.370000000000000000e+04
1.370000000000000000e+04
1.370000000000000000e+04
1.370000000000000000e+04
1.370000000000000000e+04
1.370000000000000000e+04
1.370000000000000000e+04
1.370000000000000000e+04
1.370000000000000000e+04
1.370000000000000000e+04
1.370000000000000000e+04
1.370000000000000000e+04
1.370000000000000000e+04
1.370000000000000000e+04
1.370000000000000000e+04
1.370000000000000000e+04
1.370000000000000000e+04
1.370000000000000000e+04
1.370000000000000000e+04
1.370000000000000000e+04
1.370000000000000000e+04
1.370000000000000000e+04
1.370000000000000000e+04
1.370000000000000000e+04
1.370000000000000000e+04
1.365629764108624477e+04
1.345612718906398732e+04
1.334187637317659210e+04
1.333150426441716445e+04
1.318603174423151540e+04
1.306490801529172131e+04
1.295529109611383319e+04
1.287780751002927536e+04
1.280661890067806235e+04
1.273837305078274039e+04
1.262918205115280034e+04
1.251784016760167651e+04
1.243983313364788410e+04
1.240152946101021371e+04
1.225021066250150398e+04
1.208709172014705473e+04
1.195848110740070115e+04
1.181752042006571719e+04
1.165968899473001147e+04
1.152452243022375660e+04
1.136679904186239219e+04
1.119714744786205119e+04
1.098629334974171798e+04
1.080217044695773257e+04
1.064480726150690862e+04
1.043082441614169693e+04
1.026275607953973667e+04
1.006958578640612723e+04
9.864152025408609916e+03
9.680960068512222279e+03
9.471515254563244525e+03
9.222479010836803354e+03
8.997042226052835758e+03
8.752119946370688922e+03
8.525691426195229724e+03
8.297846838357183515e+03
8.061629511469919635e+03
7.813707750229184057e+03
7.556918504897580533e+03
7.320569754513592670e+03
7.078741316533330973e+03
6.831883457136655124e+03
6.569771807874430124e+03
6.309515268287996150e+03
6.067473583176842112e+03
5.797277059070108407e+03
5.532712979540678134e+03
5.257265937586836117e+03
4.993724604423003257e+03
4.741669287307617196e+03
4.463838104282742279e+03
4.187977898120850114e+03
3.906963934450695433e+03
3.636945200357899466e+03
3.365500417853338604e+03
3.088740459721411298e+03
2.799209160224882453e+03
2.525073009217512208e+03
2.242817093491727974e+03
1.973117270717909378e+03
1.693011392600723411e+03
1.400460819586706293e+03
1.118860613582552787e+03
8.386800317310147648e+02
5.549483552014975203e+02
2.762485666294676889e+02
-1.051728827207722006e+01
-2.932221186744036459e+02
-5.863265777336857809e+02
-8.700373760436370958e+02
-1.157976937986046323e+03
-1.445162803167007951e+03
-1.728001409431861703e+03
-1.996288847566760523e+03
-2.283767501760821688e+03
-2.552944217997951910e+03
-2.819926754565552528e+03
-3.095598802704960235e+03
-3.367070190169585203e+03
-3.633037618278115588e+03
-3.896086890849513566e+03
-4.157300619812526747e+03
-4.421283889788994202e+03
-4.699626748690166096e+03
-4.972077303148943429e+03
-5.244797343019945401e+03
-5.494245997872461885e+03
-5.764824385354760125e+03
-6.022843456754919316e+03
-6.268684100571736053e+03
-6.501784123221772461e+03
-6.750826278325156636e+03
-6.997559382626310253e+03
