0.000000000000000000e+00
-3.611340703881119225e+03
3.730478789768493698e+03
1.244882716413619164e+03
5.563037505235419303e+03
4.764473789551919253e+03
7.751595306107772558e+03
3.409000051949884437e+03
1.075507909241161087e+03
5.785689917998768578e+03
5.848589836951839970e+03
3.880973273198168499e+03
7.802530244881874751e+03
9.452823826488054692e+03
7.803184519615002500e+03
8.166857632596622352e+03
5.708124500948651985e+03
5.301890622410623109e+03
7.202769152745410793e+03
6.545144579454403356e+03
6.379990313593562860e+03
6.320716830801737160e+03
7.010829200358338312e+03
7.726272338902290358e+03
7.843601625848049480e+03
6.885891712440587980e+03
6.407298550257163697e+03
7.585713865961821284e+03
6.958597843494891094e+03
8.037456161689413420e+03
8.447117982768890215e+03
7.151194360572954793e+03
8.071651162510724134e+03
9.042907616472386508e+03
1.007337865952791981e+04
1.082821766245208346e+04
1.103222892661524202e+04
1.130727031281436211e+04
1.290816428246576834e+04
1.366575426677102769e+04
1.254868429298439696e+04
1.338590767193557258e+04
1.306225120032484301e+04
1.333611066207376280e+04
1.458920356756583897e+04
1.421652344499316496e+04
1.448375955676677040e+04
1.466983004217818234e+04
1.440381619830721684e+04
1.488532643510137859e+04
1.416712782281198633e+04
1.403223114950542003e+04
1.315347921936922103e+04
1.348301993741250772e+04
1.365393509290070142e+04
1.405193669692646472e+04
1.428286517494193868e+04
1.461246034953142225e+04
1.519999201735251518e+04
1.503965698661812894e+04
1.432515771204355406e+04
1.402141108958905534e+04
1.387114695559346001e+04
1.414033559131094444e+04
1.411172495395673104e+04
1.352008878991873462e+04
1.365398408819348879e+04
1.423100658415905855e+04
1.403289016745770823e+04
1.435922954158683024e+04
1.412266832558351234e+04
1.442959636374437287e+04
1.471077830989955692e+04
1.420353693388356805e+04
1.428429203466515719e+04
1.398059532433381901e+04
1.425664495155184704e+04
1.429746007847799046e+04
1.474892921507904430e+04
1.525424169023341892e+04
1.571233749505257038e+04
1.579767230399154141e+04
1.575492584180218000e+04
1.550874054507186520e+04
1.490512615699453272e+04
1.507537937478941603e+04
1.527407883481454155e+04
1.513480716771184780e+04
1.501503715131884564e+04
1.501097199522891606e+04
1.477329473744454481e+04
1.475216678929123736e+04
1.457643685808216833e+04
1.439326155418459530e+04
1.413024168403711519e+04
1.394229165300526438e+04
1.364224034404970007e+04
1.388223628447846204e+04
1.394251899290582878e+04
1.393902117375445050e+04
1.378837391382566420e+04
1.394094372414571808e+04
1.368084810767937051e+04
1.364062507106673547e+04
1.341326495103070192e+04
1.338587783290394509e+04
1.313924054518169032e+04
1.312641162476641330e+04
1.287998600945079488e+04
1.249458881882906280e+04
1.244429215924126038e+04
1.220501803549822580e+04
1.202239776680001160e+04
1.183164850123645374e+04
1.160403965930375853e+04
1.139650866635297825e+04
1.124284701743783444e+04
1.111050276547657450e+04
1.090401262887247867e+04
1.070979901730179517e+04
1.045748894229908728e+04
1.016331613515756726e+04
9.939714948362705400e+03
9.718328853818358766e+03
9.444005903021441554e+03
9.232929701599154214e+03
9.007368310383582866e+03
8.704269711534632734e+03
8.424432974493773145e+03
8.189221628185957343e+03
7.940097834643405804e+03
7.727051704861417420e+03
7.421672178301776512e+03
7.204595327885371262e+03
6.970289414615633177e+03
6.732165433126072458e+03
6.469022464778084213e+03
6.184888020091066210e+03
5.921114424773229075e+03
5.634998786289106647e+03
5.325622353850527361e+03
5.056225162854764676e+03
4.754494417127401903e+03
4.481629747644931740e+03
4.225415584450674032e+03
3.940043690280634110e+03
3.638912936534180062e+03
3.358943464657691948e+03
3.062169457678294748e+03
2.762599928679632285e+03
2.477564361001956968e+03
2.181049295314030587e+03
1.881114150980353543e+03
1.587730372982213567e+03
1.294023909749721270e+03
1.008316283409803191e+03
7.073751394634641656e+02
3.893894465582516773e+02
8.725292376381706561e+01
-1.917163160554405010e+02
-4.821948944549965859e+02
-7.716268256609438367e+02
-1.062732810020874012e+03
-1.352959555528165993e+03
-1.633920943599467819e+03
-1.950292034691984554e+03
-2.224382053240079131e+03
-2.512522724056508196e+03
-2.832580078527716068e+03
-3.111283710475357111e+03
-3.389046380191395201e+03
-3.663234865006549626e+03
-4.011893761501467452e+03
-4.311657937459021014e+03
-4.622945269853154969e+03
-4.900608550486308559e+03
-5.177012310965498727e+03
-5.466474710899795355e+03
-5.704531217436816405e+03
-5.903261128305111924e+03
-6.166694446786392291e+03
-6.423895310255348704e+03
-6.568649510443759937e+03
-6.814261186804675162e+03
-7.152509965080895199e+03
-7.483641523444402992e+03
-7.785991058461350804e+03
-8.083153665922543951e+03
-8.287175842900955104e+03
-8.559902782992146967e+03
-8.959039825162686611e+03
-9.229690196956315049e+03
-9.275252773793970846e+03
-9.574137065497652657e+03
-9.751980721249472481e+03
-9.978803965108128978e+03
-1.013247042404057356e+04
-1.024183502027579380e+04
-1.030124964179579365e+04
-1.049106277154917734e+04
-1.060526554041883901e+04
-1.097198644353739292e+04
-1.112854259094161171e+04
-1.134204836230560977e+04
-1.145192536183072480e+04
-1.192292387247878469e+04
-1.224611912652959109e+04
-1.236386967173693301e+04
-1.241197456783123198e+04
-1.253670219601992540e+04
-1.273081982626035278e+04
-1.276941385449534755e+04
-1.287671750302332293e+04
-1.302711463983507019e+04
-1.324621445299559491e+04
-1.339638408824469479e+04
-1.336502740941218508e+04
-1.327809089693387068e+04
-1.356028629071674368e+04
-1.380835311263142648e+04
-1.379358961471736620e+04
-1.401466487604255963e+04
-1.415773973139156442e+04
-1.413127889106004477e+04
-1.425324634458561741e+04
-1.422643648980122089e+04
-1.435783162235207783e+04
-1.454145418984674870e+04
-1.452609814582951185e+04
-1.449025373269073498e+04
-1.453582206113664142e+04
-1.481133608180485498e+04
-1.473813898470082131e+04
-1.477709410514621959e+04
-1.476103663140495337e+04
-1.487312266299393377e+04
-1.479150623256260951e+04
-1.470007981074207237e+04
-1.478732659370192778e+04
-1.483757052471303359e+04
-1.477698555448689694e+04
-1.478627517995509334e+04
-1.478377170607540938e+04
-1.473260942499213888e+04
-1.470478381604313836e+04
-1.464961661324334818e+04
-1.466026486636306254e+04
-1.465224239210802443e+04
-1.459860538113506664e+04
-1.459949527916070292e+04
-1.449352137334783401e+04
-1.448166078734683833e+04
-1.449326697274830622e+04
-1.438575292386353613e+04
-1.430087767138413255e+04
-1.414774222362996807e+04
-1.394239664885775892e+04
-1.383028296501975092e+04
-1.367870112137733850e+04
-1.357170931924804972e+04
-1.340707734470801006e+04
-1.333600069028306461e+04
-1.316373518420409891e+04
-1.298315744974161498e+04
-1.284540523706436215e+04
-1.266191859611377367e+04
-1.258177609621739066e+04
-1.243899760225971295e+04
-1.221981862506955804e+04
-1.209414494763490438e+04
-1.191989911563704300e+04
-1.175633892544162518e+04
-1.152973486989139383e+04
-1.119435261849963899e+04
-1.108271036682466729e+04
-1.078559580968198679e+04
-1.049821888167077668e+04
-1.029650114743382801e+04
-1.006310455353118050e+04
-9.843184357175427067e+03
-9.596348025703897292e+03
-9.324580301658339522e+03
-9.089135161686455831e+03
-8.773788732192419047e+03
-8.530733257905227219e+03
-8.276232697331068266e+03
-8.000118887777486634e+03
-7.742029026905873252e+03
-7.471044661019196610e+03
-7.200616895907379330e+03
-6.985570699619993320e+03
-6.730942206329788860e+03
-6.450872786975571216e+03
-6.178713301564758694e+03
-5.887277479370471156e+03
-5.615338900461218145e+03
-5.337587716768503924e+03
-5.080805619491490688e+03
-4.785564259556944307e+03
-4.496906473572595132e+03
-4.180981381012701604e+03
-3.887793827562486058e+03
-3.576316915826766035e+03
-3.274288032917933833e+03
-2.974878758426872082e+03
-2.664706971137447454e+03
-2.393205014555102480e+03
-2.075859720163022757e+03
-1.784684439713309303e+03
-1.484083493208520395e+03
-1.176902327758975844e+03
-8.774307523581005626e+02
-5.697606422683206802e+02
-2.666611739076126923e+02
3.825959678325298796e+01
3.438150881496839588e+02
6.626312977585955650e+02
9.706147683324032869e+02
1.274818250295601501e+03
1.591872771912696635e+03
1.888119091957094042e+03
2.182981268487346824e+03
2.489429144739109233e+03
2.781083969669783073e+03
3.080223995805737104e+03
3.381768498158093735e+03
3.677030455880248155e+03
3.965890264316319190e+03
4.263624812852292962e+03
4.569653580708348272e+03
4.848118961586613295e+03
5.127639055273505619e+03
5.427125486301376441e+03
5.720588363644373203e+03
6.002224821610187973e+03
6.305663029647434087e+03
6.600723155893419062e+03
6.857104126397888649e+03
7.099166530033780873e+03
7.382721451342507862e+03
7.625758461331597573e+03
7.886702648725539802e+03
8.121208705306163210e+03
8.384904674566347239e+03
8.602987999114462582e+03
8.867555474919552580e+03
9.104602805075946890e+03
9.383766706981790776e+03
9.647737920792806108e+03
9.917726534218636516e+03
1.009781546517344213e+04
1.029890686537590591e+04
1.057714238976487650e+04
1.073992614918912113e+04
1.099225925441814252e+04
1.114538131876430634e+04
1.132493996427582897e+04
1.152153068871190771e+04
1.164783163528191108e+04
1.179825236782354295e+04
1.204126410646212207e+04
1.217959232745337977e+04
1.240897491645419541e+04
1.265442211322040384e+04
1.283165999563861078e+04
1.300796450569422450e+04
1.311029614549906728e+04
1.324109593323686931e+04
1.332615309660266939e+04
1.340376240762325870e+04
1.360643301544448695e+04
1.371021250960066391e+04
1.378499685864064668e+04
1.392411974562464820e+04
1.386313151337359704e+04
1.389449366197238123e+04
1.395213850705620098e+04
1.395546621479550959e+04
1.407878288345754481e+04
1.416036336938551904e+04
1.419608727847619775e+04
1.430750125538161592e+04
1.436079172789431686e+04
1.446610599252086649e+04
1.450378402665628528e+04
1.455505815595017702e+04
1.462784378299790660e+04
1.461646571164435591e+04
1.469484090194585406e+04
1.474500965550959700e+04
1.485240792059265550e+04
1.477763267873467157e+04
1.482022026277332043e+04
1.477687714445832898e+04
1.475806997470012539e+04
1.464453199134279748e+04
1.466735325739662039e+04
1.457362739881428388e+04
1.459390207768484470e+04
1.455942476021600851e+04
1.447771913955255877e+04
1.437598648498703187e+04
1.430275153908484026e+04
1.431176108726809616e+04
1.424766519582305591e+04
1.417739298298014364e+04
1.404345795687773170e+04
1.398358970374497585e+04
1.388938133992367511e+04
1.373605609253765761e+04
1.363217733841762856e+04
1.355703084215203489e+04
1.348817032286751055e+04
1.335554302468161040e+04
1.320652532968623746e+04
1.308576011784819821e+04
1.303429940127679220e+04
1.288073870396019083e+04
1.276544756250033606e+04
1.259220133643946428e+04
1.244733933902787794e+04
1.229919997551343113e+04
1.212863541517137128e+04
1.195690917189399624e+04
1.184020875520005029e+04
1.170776503550343659e+04
1.152698209039716676e+04
1.136008318316590885e+04
1.114080770520382066e+04
1.095876577029247528e+04
1.072781060278953919e+04
1.052888313815828405e+04
1.033957580845345547e+04
1.007431202503683744e+04
9.864978882608058484e+03
9.630149438953334538e+03
9.428223415556991313e+03
9.202885462797512446e+03
9.006752521407452150e+03
8.759835114632274781e+03
8.542020226643006026e+03
8.325052818770805970e+03
8.091075490973844353e+03
7.866206401772792560e+03
7.628304482570511027e+03
7.397637372951700854e+03
7.137645057224776792e+03
6.890222336355735933e+03
6.627964365980830735e+03
6.351260191841601227e+03
6.089364131748270665e+03
5.812348766560206059e+03
5.560326173685235517e+03
5.291094861254613534e+03
5.025411193525167619e+03
4.754836989976263794e+03
4.489095743168249101e+03
4.237955665967808272e+03
3.968390770969075220e+03
3.686999945385454794e+03
3.401370696300978125e+03
3.125199975886249376e+03
2.851149721741069243e+03
2.557769920917434774e+03
2.266896852224838767e+03
1.972241633170156319e+03
1.691171253159852540e+03
1.417960772378800584e+03
1.135495293640690761e+03
8.560625950316183435e+02
5.677960714554884589e+02
2.783986510339360620e+02
8.002708806319978052e+00
-2.845607125799772348e+02
-5.639415655448070765e+02
-8.564166731733997722e+02
-1.142653178429128729e+03
-1.432793540272220071e+03
-1.709930998029160492e+03
-1.976708896434746521e+03
-2.267806881074268858e+03
-2.546907026794145622e+03
-2.826652434138883109e+03
-3.106960564484398219e+03
-3.388290072291464185e+03
-3.674422851224214810e+03
-3.954775686183821108e+03
-4.223033752575177459e+03
-4.488954038135818337e+03
-4.756266239191100794e+03
-5.021792883691334282e+03
-5.290165581923758509e+03
-5.567496589807512464e+03
-5.815288725953489120e+03
-6.100867266645906966e+03
-6.349916161071007991e+03
-6.606736041108370046e+03
-6.869986145777008460e+03
-7.123425084783563761e+03
-7.339268432313808262e+03
