0.000000000000000000e+00
3.796573734975449497e+03
1.429809638581968557e+03
9.475220999083448987e+03
2.552048872122050852e+03
-6.847780039415389183e+03
-2.458754102339564270e+03
-2.249582766819748940e+03
1.604977336057978573e+04
6.493599599792658410e+03
1.715276368087693754e+03
1.662814180830440455e+04
-2.532234407928544897e+04
2.021924610105285319e+04
6.224417580235417518e+03
1.949820798409451527e+04
-7.217340369623157130e+03
1.762937628906339796e+03
8.595456202933783061e+02
-3.900105622875026711e+03
-5.644776861090947932e+03
8.447236055479483184e+03
1.735064293767879462e+03
1.133925579765513794e+04
-3.358872757973107582e+03
1.285293592582281781e+04
6.161173557830266873e+03
-6.664891919012800827e+03
1.244335139828912179e+04
1.388525816722256604e+04
-4.790666190513447873e+02
3.452765048240674332e+03
6.363277524633986104e+03
1.378876088149062525e+04
1.766116908745396358e+04
4.853820166342759876e+03
2.769641675074813247e+04
7.859492088238918768e+03
2.039911051732812484e+04
1.517524962085403604e+04
1.036225531801841316e+04
4.955477711550941422e+03
1.395405959748120586e+04
1.346646149524881002e+04
3.269537924294219192e+04
1.026482264662192028e+04
2.125617362722791950e+04
1.521104020201541425e+04
2.544349437954389941e+04
1.245798275206255857e+04
3.116867358971959038e+04
2.065359845566777221e+04
1.283668561609070821e+04
1.162068249736373946e+04
3.514163793636747869e+04
2.865599544619988592e+04
1.217157759420858929e+04
2.371714069984500384e+02
4.654211130591897927e+03
1.481653088202515573e+04
-1.088197804406967771e+04
2.799705527261959651e+04
8.228960845139623416e+03
3.231655870991935808e+04
2.328971720018989799e+04
1.458611617967101120e+04
2.804520416917558032e+04
1.641349007399203037e+04
-4.135791118981615000e+03
-9.128114739275331885e+03
1.234731074700855606e+04
3.567806468734364898e+03
2.111128763748365600e+04
1.526401847573105624e+04
2.137101376433292899e+04
2.383914112295958330e+04
1.286229508018874367e+04
1.482094214397834367e+04
1.001136462925401065e+04
2.475593013639458513e+04
8.986957120976312581e+03
2.136674601719280327e+04
3.503941025759653712e+04
3.058710894945480686e+04
-5.279653568607047418e+03
1.112271105736109530e+04
1.616379978796828073e+04
7.579916322690813104e+03
1.853468642936134347e+04
2.117757906947125593e+04
2.145080216245471820e+04
7.216736512301194125e+03
1.215574176093153801e+04
1.345354588657893146e+04
3.395562476907813107e+03
1.227372513435134351e+04
2.032055129770606072e+04
2.029308441736826353e+04
1.223037911139658172e+04
9.168536197666307999e+02
1.412857750610071344e+04
7.881175451880631954e+03
-4.971795253708984092e+03
6.944132894715967268e+03
-5.602581848505551534e+03
1.277006358314441059e+04
1.689887916383782795e+03
2.431146992716275417e+04
-2.488557802924535281e+03
-4.440190283980389722e+03
1.991814756767116342e+04
5.585691439458470086e+03
5.737509739706793880e+03
1.796428065068295109e+04
-1.143523428836617677e+04
-4.373440761995267167e+03
-1.175396712826732255e+03
1.935391289237029923e+03
-2.922278366854068736e+03
1.938634645630011801e+04
9.100822185517696198e+03
-1.509264007708850113e+04
-4.667909618993668118e+03
6.472593259040950215e+03
2.596925662435341292e+04
1.698268034666351014e+04
8.048049509138227222e+02
-1.046003805593315701e+04
2.051841537366876582e+04
1.288421172836819824e+04
-1.508549808876506359e+04
5.686710040608513737e+03
1.415715411855529601e+04
-7.790512196325689729e+02
1.062997702948662118e+04
7.255812027022927396e+03
5.795260596092625747e+03
-2.597245398375483092e+03
2.916633992247751394e+03
3.239177976950902121e+03
8.013611102147942802e+02
1.095435105632881914e+03
-7.170255708363356462e+03
1.181998647565193096e+04
-3.500396368632655140e+03
-5.403946690166382723e+03
-1.257462960994918467e+04
2.169684390947995780e+03
8.583124598050759232e+03
-1.282646896410057161e+04
-8.976994524029531021e+03
8.866607973480129658e+03
-7.837992262201121321e+02
2.377696636924252743e+04
1.559642806138682863e+04
1.206197736930387873e+04
-2.375252603883115444e+04
3.811996835896398352e+03
-1.870865972748141940e+04
9.893218285901028139e+03
1.912685577742381065e+04
-7.752657355416145947e+03
1.416716630326863742e+04
-2.824063788048889364e+03
-3.473531178082482256e+03
7.768694718191902211e+03
7.818698836514954564e+03
1.258660030875326993e+04
-4.587671587730498686e+03
2.576503076468747622e+03
1.053033096143470721e+04
2.210170573668875295e+04
-1.089145097314010127e+04
-1.206048726295605047e+04
-1.994494345419402089e+04
1.310771955274074571e+04
8.248822173542348537e+02
-9.471508020115707041e+03
3.856101414393623600e+03
-8.350688813902608672e+03
2.016508225505830524e+03
-1.980372193400513061e+04
-1.234045386955455979e+04
7.823193667591852318e+03
-9.405683897592127323e+03
1.505052945465512494e+03
-2.012251293057342627e+04
-9.809735017103021164e+03
-6.081817914509942057e+03
5.561651304623574106e+02
-1.263898462777372697e+04
-1.041863402730142116e+04
-2.575860134743729941e+04
-9.876297145779008133e+03
2.730086398006225863e+03
-5.998507648944631001e+03
-1.403365193483093935e+04
1.791078071100984744e+03
-6.322092877567250980e+03
-7.270354885794989968e+03
1.223149794890337944e+03
-1.256194920080821612e+04
-1.010774497967392745e+04
9.377115785953301383e+02
-1.399796996161331845e+04
-4.064373321357524219e+03
-2.167924928656472184e+04
-2.124326553372065246e+04
-1.535214241349007170e+04
6.381477349144735854e+03
-1.280289806051614869e+04
-1.040646581687375328e+04
-7.692454012051126483e+03
-1.759570732571388362e+03
-8.776916894996880728e+03
-3.204640543088490085e+04
-9.162393961893227242e+03
-9.812077132654418165e+03
-2.394380079047430991e+04
-3.839260779608726807e+03
-1.179784322583126050e+04
-1.129693352028481968e+04
-9.256254642013251214e+03
-2.225394607552169691e+04
-6.584926888006358240e+03
-1.435611624245055646e+04
5.550917999337330912e+03
-2.252182022785676963e+03
-3.027288966846257608e+03
-1.652943319784183041e+04
-2.079158563692171447e+04
-2.120216258176753763e+04
-2.944910454908694373e+04
-1.844107275595061947e+04
-9.448264974084437199e+03
-1.291960416451171841e+04
1.748469355820308920e+03
-5.851087832976339996e+03
-1.994664295846463574e+03
-1.772828796866877383e+04
-2.390585875761249918e+04
-1.292126957385389869e+04
-9.730449732834156748e+03
-1.994249860583008194e+04
-2.276909106883233471e+04
-1.766104305569346252e+03
-5.345509265255536775e+03
-3.125756299313017735e+03
-5.960391882481490029e+02
-2.090528869259968997e+04
-1.659986429895846231e+04
-1.610374391860643664e+04
-1.736363721174626335e+04
-1.193307306130788129e+04
-1.621792582378870611e+04
-1.900254521423588449e+04
-1.523114878089990088e+04
-9.162518755974577289e+03
4.236154177018070186e+03
-1.996978123731787127e+04
-2.489585817007665537e+04
-2.645652162759103157e+04
5.912231265885055109e+03
-1.172615934056693732e+03
-1.352026318046189044e+04
-1.891489791832885749e+04
-1.317779917993198978e+04
-3.301637098471705394e+04
-8.407032596489580101e+03
-1.383962290777533963e+04
-1.619070467560592078e+04
-3.012540762398633888e+03
-2.496389527691400144e+04
-1.550087285985354902e+04
-8.528004655354015995e+01
-1.810106810609191598e+04
-1.986153368460068305e+04
3.574109834520322693e+03
-1.366318972510732783e+04
-8.490417363205155198e+03
-1.174472635233223082e+04
-9.513266975518572508e+03
-1.064765345576759319e+04
-1.504947502108312983e+04
-9.403788035748591938e+03
5.851890372973089143e+03
-2.395572975848224814e+04
-1.400672623091511196e+04
-1.432578330695835029e+04
1.532764737575650724e+04
1.949997345329978089e+03
-5.512494672209817509e+03
4.942741970623404995e+03
-4.313389605106034651e+03
-2.475864756341042084e+04
-1.506079338950520287e+04
1.890025523733149021e+04
-9.386062904191956477e+03
-4.661302995203483988e+03
1.178003323053196073e+04
5.203552568162827811e+03
-4.639170755280494632e+03
6.487725585031046649e+03
-2.015467082921639758e+03
-1.469052623383625541e+04
-2.433977985717398406e+04
-1.185854280716772155e+04
-9.847620085773127357e+03
-1.401861770213802447e+04
-1.505279286804448247e+03
-1.130225196589296502e+04
7.119953895791693867e+03
-5.583224377069389448e+03
-2.164814884660700409e+04
2.169072979286890586e+03
1.011980768032492415e+04
-8.257480213660746813e+03
-1.722023416718698354e+04
-5.721069199123739963e+03
-1.812996829586197691e+03
-1.149052510466820786e+04
5.903704411703847654e+02
1.085517900610837387e+04
-7.457424601322518356e+02
1.312723894702534199e+04
-1.358343604650729867e+04
1.852367960906490225e+03
-9.679061700874321104e+03
3.873328776825653676e+03
1.760684842328434024e+04
1.313273025704105748e+04
1.985883501802597311e+04
-4.644289043987010700e+03
1.065535931551569956e+04
1.365271236903824865e+04
1.283657267321822656e+04
-1.613821944256043025e+03
2.206328678915401179e+04
5.556825091169582265e+03
-7.811857119830342526e+03
1.349152268479059785e+04
2.436652748538144806e+03
-4.233743579628599946e+03
5.464165258679476210e+03
9.146816956464150280e+03
4.160984952755887207e+03
3.278157143210845788e+03
-4.314731661936604723e+03
1.853063514737170408e+04
-4.873471124719415457e+03
2.901106481557118968e+03
9.804951150275806867e+03
1.402374672869567075e+04
6.874440862719788129e+03
1.114256815015645225e+04
2.165978683491067932e+04
1.090478548303461139e+04
1.056656829818020014e+04
3.029149778235539088e+03
8.952675512694588178e+03
1.469413975206861141e+04
1.240971451906460061e+04
1.228629346309652828e+04
1.929656244000966399e+04
-2.462568145008686770e+03
1.497743170076665228e+04
1.620288174527253796e+04
1.767763791251656949e+04
7.941098680572436933e+03
1.168447188071975506e+04
7.805851140970375127e+03
1.974082588101564397e+04
2.623259280176965694e+04
9.601230666099587324e+03
1.414536078585270116e+04
4.160221800979354157e+03
1.893480744994498673e+04
1.751603191914219497e+04
1.903184865742763577e+04
2.336309632548308582e+04
8.609888698766671951e+03
2.183802750605309848e+04
9.817215683931870444e+03
7.978516229935838055e+03
2.549746499145800044e+03
1.313891658194540832e+04
4.223479851178735771e+03
2.655809961429935356e+04
8.304257952424959512e+03
1.599708725493945713e+04
2.194714627455839218e+04
5.289042903143608783e+03
5.060642197996014147e+03
1.839869273325461108e+04
4.439188677419646410e+03
2.729408377514965105e+04
1.517396606364089166e+04
3.168368773677696663e+04
2.343534075032104374e+04
2.285958687876032855e+04
1.409674875112775044e+04
2.711107414532667462e+04
2.624275996160919749e+04
1.596959683191206204e+04
2.682315829959604162e+04
1.659910176039104772e+04
-1.190387665152303089e+04
1.641715080481088444e+04
5.335173952539582388e+03
1.031134114697654149e+04
2.591623723787895142e+04
2.609513364999241458e+04
1.108431814247876355e+04
8.355016201755635848e+03
-2.735443585717996029e+03
8.369324248493387131e+03
2.313569527207304418e+04
6.822577658671336394e+03
2.313734598428835670e+04
6.186989316453114952e+03
2.802541789955113563e+04
1.653483356824521616e+04
3.297990959928885786e+03
1.344778692166231849e+04
8.274865097176490963e+03
7.653546010564882636e+03
-3.927137228101331857e+03
1.938107546377471590e+04
1.449911283267022009e+04
1.330236896496497138e+04
-4.234419864598748973e+00
-1.120334372251245077e+04
1.250756933249575741e+04
9.589763169884930903e+03
1.129657547149677339e+04
1.085472352774968385e+03
2.913255765138561401e+03
-1.821385261614626870e+04
7.472604275913600759e+03
1.564398603119519794e+04
9.752469426435538480e+03
-4.136237816046020271e+03
3.375115052242057573e+03
1.231652056323285797e+04
3.089119067936361535e+04
1.789044783002451368e+04
7.005805105023829128e+03
2.196932658593338056e+04
2.513004467137774554e+04
1.005619185207014925e+04
3.573149256477812014e+04
1.479108382069543404e+04
1.928933899936735907e+04
5.091257690537172493e+03
2.272838400364187692e+04
1.880951207946148315e+03
1.626683861418404558e+04
-6.061514104769139522e+03
1.229328227566479109e+04
8.818651399854019473e+03
1.469516121503317663e+04
1.192306934440033001e+04
4.565790481268659278e+02
-1.156947397831157832e+04
2.481425936099805313e+03
1.222296998975245333e+04
1.601009588445187728e+04
3.639356316003383654e+03
-1.635688165328515424e+03
2.753180903841882355e+03
1.968840444943238253e+04
7.644452366593529405e+03
-5.544987153179145025e+03
-1.211978818206332289e+04
-4.978875790088068243e+03
-1.632834346503932647e+04
3.404622150125872395e+03
-2.290654889803653077e+03
1.562587356829643613e+04
-1.147062379557566237e+04
6.358819349989995317e+03
1.058245505646525999e+04
-1.551249714199982554e+04
1.515926471387457968e+04
1.511109774810740237e+04
8.137941016632589708e+02
-9.876385739667381131e+03
4.704445913671790549e+03
6.340862623117000112e+03
-1.031766659208987039e+04
9.464665518953854189e+03
-6.645968963932719817e+03
2.113837839387372696e+03
1.871080968213011511e+04
-9.885833393809087283e+03
-1.030979329926575883e+04
-1.508045227525656628e+04
-9.311303346401604358e+03
1.658311679550401095e+03
6.966562683627311344e+03
