0.000000000000000000e+00
3.369078278379037329e+03
3.034050121954537644e+03
-3.156224543859247660e+03
1.203992692548661944e+04
2.733622629353405500e+04
-6.031176468005060087e+02
8.896205479090625886e+03
-1.349528088613377440e+04
-8.140997189888683351e+03
1.289953128195164754e+04
-1.347550452632167435e+03
-1.343150631215681642e+04
2.441152531618796274e+03
-2.268166657612002746e+04
4.120826095939520201e+03
2.649819145194511657e+04
-2.337942949263204355e+03
1.123274510172519695e+04
8.280522384779871572e+03
-6.327356873336441822e+03
-3.692573764207071690e+03
2.224880741277215566e+04
5.867637914055311740e+03
8.022026815242204066e+03
-2.128522728472402378e+03
-6.535404728721758147e+03
-1.066752911100872552e+03
3.023052889150636474e+03
-2.502615088636666769e+03
1.297360692434249358e+04
9.306511189821718290e+03
-6.273596801339876038e+03
2.228314620828600164e+04
2.618201927007094491e+04
2.540893679502543091e+04
1.654695379324974419e+04
5.544486272200206258e+03
9.153363630175857907e+03
-9.437149081886063868e+03
1.260319430596439997e+04
1.373650808606436658e+04
-1.685936936503594916e+04
1.068356361585682316e+04
1.908500449118626784e+04
1.186517647758688327e+04
1.920034533947073214e+04
9.856570084451577713e+03
9.874068267241254944e+03
3.100989458972783541e+04
1.239932224616679741e+04
2.257041466818683693e+04
-3.135320242396253889e+03
2.630376202331429886e+04
1.394923404313916762e+03
-1.872044997305238212e+01
3.685499761790781122e+03
4.039295016425507129e+03
2.689601261136808898e+04
6.422532633447553962e+02
1.907141447515141044e+04
1.256186137290680563e+04
1.314835871936010335e+04
2.195745653152110390e+04
2.292660974247970444e+04
2.157975793194268772e+04
1.286353289177693114e+04
6.137248331149259684e+03
3.003458866830013358e+04
9.640157397535456766e+03
8.271657671265691533e+03
2.057043356562319968e+04
1.545880641962825575e+04
7.468713877367235000e+03
1.244087917128648405e+04
2.130094223364636855e+04
-2.396484428157807997e+03
7.543555318847843409e+03
2.028804926363742561e+04
1.371541133198420357e+04
5.326285408668292803e+03
1.988729004470490327e+04
1.521735544954175202e+04
9.705541943466994780e+03
1.969747526983839998e+04
1.580000940850138250e+04
2.609482050044063362e+04
1.974106146203901517e+04
-1.909887443266130504e+03
2.049663086546569684e+04
2.899776321992826706e+04
3.357701196208741749e+03
-1.615077490004206447e+04
9.627620787774487326e+03
2.296664533512774142e+03
6.969359996876572950e+03
1.429271081717381821e+04
2.050670095908561780e+04
2.033798657612018724e+04
1.217504578468544605e+04
9.245149789435763523e+03
2.413176361499521590e+03
7.685173483748113540e+03
2.007961058590944958e+03
1.534178146544328774e+04
8.894921734378507608e+03
1.856920376138287975e+04
2.839920402322720111e+04
1.033083822797697030e+04
3.648960992006771266e+04
4.641700523971807343e+03
1.131375675335057349e+04
2.092978299851687552e+04
1.174497260090361306e+04
1.097598589072084724e+04
9.446116457103104040e+03
2.182178816637532145e+04
1.219351669540058901e+04
7.171272786699232711e+03
2.066640577028413827e+04
1.362461163346975809e+04
-1.710180914604665304e+04
2.781588690698049686e+04
4.739089381231653533e+03
1.206320609524864813e+04
1.052645105209826033e+04
-6.137909635307614735e+03
1.443017029929624550e+04
1.472223821811465314e+04
1.755221470700337886e+04
4.140699952632437999e+03
7.329921827386206132e+03
1.576754630322019329e+04
7.408133919098107071e+03
1.878799953119238126e+04
2.746351984271975016e+04
5.402976655223828857e+02
1.120792614469215368e+04
8.056444995007886973e+03
-8.508306304286850718e+03
2.956176132597243122e+04
1.046446201200696305e+04
3.426040238661432340e+03
7.730198178055701646e+03
1.392816997952340535e+04
2.705961255622622957e+03
2.380618465250034933e+04
-9.843281973913179172e+03
-7.093060192547882252e+03
1.233781939747221259e+04
5.370435355926729244e+03
3.200191430476636015e+04
2.548988481401415629e+04
9.834206879846413358e+03
5.047840020723479029e+03
4.309136865409836901e+03
-8.408208987579278983e+03
1.228766596616498464e+04
2.591988145271618123e+03
1.627481215508468608e+02
-1.242421163157604133e+04
-4.874717467082708026e+03
4.714413721119217371e+01
-4.609269528323104169e+03
1.111936091006237257e+04
3.200760439288188991e+03
1.294643481224331936e+03
1.315045662070732578e+04
-2.484988321037638798e+03
-1.823300841366580426e+04
1.064957632101351555e+04
-9.627051851735644959e+03
4.689267836855015048e+03
-2.799537320109339362e+03
-2.201749993666405862e+04
-1.302025022660849936e+04
-2.485816158337137313e+04
7.715647705342528752e+03
-6.798814757927303617e+03
-2.256411247836137136e+03
1.072164682844478921e+04
4.135526125735197638e+03
-2.177161270641893861e+04
1.515622355601175514e+03
-6.225510383360476226e+03
-1.055153612625635287e+04
1.109151997498420860e+04
-1.493834066507496755e+04
-7.521823786620482679e+03
-3.259136749362241972e+02
-8.971618507584784311e+03
-1.033737896328320858e+04
8.259320752418787379e+03
-1.397006218004009861e+04
-1.173183727541071494e+04
-1.029805973051409273e+04
-2.195335648511245381e+03
-2.297059233358148049e+04
-1.663862615288901725e+04
-3.393476808377882116e+04
-1.576350953886576644e+04
-4.380590605028553910e+03
-2.918036649048599429e+03
-1.768145315875359665e+04
-1.587205379477211136e+04
-1.069010151980138471e+04
1.258810627287621173e+03
-7.928543981504071780e+03
-3.861523292777104871e+03
3.514658748581441614e+03
-1.415411494381924422e+04
-1.384210881104004875e+04
-7.711903501043327196e+03
-1.479537328137569421e+04
2.396101458560187893e+03
-3.352249522005749895e+02
-2.545129829709629848e+04
-1.515071387398486695e+04
-2.580308094557395088e+04
-2.016319773106188222e+04
-3.752861262907779746e+03
-1.330192756895363345e+04
-7.481658560100152499e+03
-5.147699519585877169e+03
-7.702008488394610140e+03
-1.249706790451324923e+04
-1.775179748124494290e+04
-1.973811961656557469e+04
-2.465336437238789586e+04
-1.397333853606582670e+04
-2.396294155216140643e+04
-1.086835098484048285e+04
6.213482615892322428e+03
-1.805945130930522282e+04
3.826572413361136569e+02
-2.209643456530686672e+04
-1.141725197223401119e+04
-2.822313850068086685e+04
-3.375156572401287121e+03
-1.635815908180765291e+04
-1.656215028494006765e+04
-2.066865783861026648e+04
-1.679003120366231815e+04
-1.240431924990552943e+04
-1.667211797946752267e+04
-1.938090971357869421e+04
-3.814722732965128671e+01
-1.660563116573801381e+04
-1.246837636973972440e+04
8.620220215076054956e+03
-6.173848768733878387e+02
-3.143626529540683259e+04
-5.705573163473909517e+03
-3.812012671458821569e+04
-1.191611716088574212e+04
-1.502752967196272402e+04
-7.577360866729965892e+03
-1.293501615800581021e+04
6.537649837143088007e+03
-2.292079542085327557e+04
-1.908434848771615361e+04
-1.817730250198057183e+04
-1.978623286964133513e+03
-1.219360673676612350e+04
-1.147990640039234131e+04
-1.088614546881137903e+04
-6.023132629915323378e+03
-2.672598166450471763e+04
2.266277652612754537e+03
-1.733928860079256265e+04
-1.892852507769661315e+04
-2.522303740894536168e+04
8.950448425877504633e+03
-7.688983887418169616e+03
-1.475524024053805442e+04
-3.967488919875584543e+03
1.106125516895137480e+03
-2.511912924101948011e+04
-1.169409176459271839e+04
-8.391829456859022685e+03
-2.847230498371609428e+03
-1.276925918635334165e+04
-1.926091176585853100e+04
-2.199600556046312340e+04
-1.492859560573654016e+04
-8.642784970277871253e+03
-2.940153659804002928e+03
-7.190964323192902157e+02
-1.667182903944926511e+04
-1.644839833107978484e+04
6.818120115760986664e+03
1.291180510833538392e+03
-1.159082231305687310e+04
-3.350186107607375561e+03
7.446694965788934496e+03
-1.648203822841708097e+04
2.986313846496495898e+02
4.578048812266292771e+03
2.268171334878528432e+04
2.631436527107837264e+03
1.055520587643002364e+04
-3.511437515226704363e+03
-7.142361920811078562e+03
-9.231812192653983402e+02
-1.362447412671079292e+04
-1.959268404492231275e+04
-6.439456283309791615e+03
-4.657879275622510249e+03
9.161902414687538112e+03
1.881838557540741749e+04
-1.307169793742913043e+03
-9.353528310843954387e+03
8.229442670086806174e+03
5.556771187884728533e+03
7.891630651634744936e+03
8.700880173970064106e+02
9.418294905252207172e+03
-1.322710404939852197e+03
1.386949994809555574e+04
2.275168298537730152e+04
1.044850700593736838e+04
3.941675723952979297e+03
-6.137154135457494704e+03
1.555060985011800585e+04
-1.388690562636205505e+04
-6.553434386099346739e+03
4.998592887387432711e+03
7.258076061156041760e+03
1.160726481087227967e+03
9.542506544900083099e+03
1.150799058749110009e+04
3.064312505790769137e+03
-1.967370376765072433e+04
6.619800586936118634e+03
7.087136331336927469e+03
2.070892773281634618e+03
6.501775063052610676e+03
-6.858210847021849986e+03
-1.720211585591642142e+04
6.295837706885429725e+03
2.158458507649859530e+04
-5.524964571852337940e+03
1.469466014838680712e+04
-4.924483802580229167e+03
8.422812329911894267e+03
5.985802072054252676e+03
2.093235315508932763e+04
8.697299661665096210e+03
6.799537119232620171e+03
7.391859523246941535e+03
8.945029112757487383e+03
1.489751258965500165e+04
-1.351641383570740982e+04
1.433253074170043510e+04
1.574630269592006516e+04
-1.055156872609435413e+04
2.404313945395505471e+03
9.019796811730577247e+03
1.757488139742543353e+04
7.468821413490779378e+03
2.512292125950976697e+03
2.865072534802256268e+04
1.244911610019062755e+04
3.200862319823754660e+03
2.168350380137570028e+04
-3.736112351681844302e+03
1.407036987260337810e+04
1.545204696089164281e+04
1.508296358228868849e+04
-8.041640365791117802e+02
-1.436240630293468712e+02
1.975413126800988903e+04
1.895978962124286772e+04
1.645869886012760617e+04
1.082440539961482682e+04
1.092109223518844556e+04
1.065435762558639544e+04
2.334658761503521237e+04
-1.678102369666901723e+03
4.986102382591369860e+03
2.558664105808617023e+03
1.400021368299776441e+04
2.080142702407055185e+04
1.977979670528364659e+04
8.604345725625420528e+03
1.946250909822512767e+03
8.523455868556959103e+03
2.081501304124823218e+04
7.855486885424313186e+03
4.809751973146092496e+03
2.747054372351758502e+04
1.268560139185796834e+04
1.140597758648544004e+04
1.939303369304513035e+04
8.981634009067858642e+03
8.959298031231905043e+03
9.568964033023712545e+03
2.566530132439131557e+04
8.656340801905997068e+03
-1.500630141381561953e+04
1.626730205830926025e+04
1.276117741192925496e+04
7.308190464498150504e+03
2.939299277766910745e+04
-2.358724753793840136e+04
2.325427755563842948e+04
1.736030802951278383e+04
9.252572538013664598e+02
2.170246750880931359e+03
5.936092887913360755e+03
7.410909448284152859e+03
1.678630622672164827e+04
5.989120552685619259e+03
4.278929797294000309e+03
1.930059717391635058e+04
1.477127249475044664e+04
-7.135201574978622375e+03
3.000915459227818792e+04
-3.467233820637848112e+03
1.408692964101552934e+04
7.627773892939541838e+03
-1.750812356754486245e+02
2.388316257139112349e+04
-1.994448799322006380e+03
1.122951728197689226e+04
9.850813371371128596e+03
1.882986324193048495e+04
1.243483991462515223e+04
1.417077432653508367e+04
1.901517224544414785e+04
8.258699331047795567e+03
1.054595817033099411e+04
1.332237470426642722e+04
3.470411522410179168e+04
1.139157253162566485e+04
2.077225624850099121e+04
8.686724785467831680e+03
3.638235975235402293e+02
2.382445739228178718e+04
4.797923446830793182e+03
3.485630618825928650e+03
2.523399704258330894e+04
7.990394681849329572e+02
7.238193557731441615e+03
1.032052902056133098e+04
8.480007962854228026e+03
9.096634866197007796e+03
-4.586839807144433507e+02
4.102909814198854292e+03
9.708914491889407145e+03
-7.040644499499050653e+03
-1.863391608369930691e+04
3.685195160799670248e+03
1.643089412832246671e+04
1.212815389058214714e+04
6.383082098943373239e+02
-1.138681780810839518e+04
3.211963436988211015e+03
1.091137462637913086e+04
-6.288293671330247889e+03
7.408779049840200969e+03
-1.989222112774078050e+04
-2.450476277579892212e+03
-3.111687185203144509e+03
-1.132574486745997547e+03
1.228987267586269809e+04
1.100163530614734736e+04
-1.910419481465936769e+04
1.461640727368640000e+04
2.304235140635175412e+03
-7.763499288467015504e+03
-6.372157665300370354e+03
2.057184696156374775e+04
-1.987270152534973386e+04
2.448689033217035558e+02
-1.027943647177980347e+04
-1.314420898559349371e+04
-9.540606765170643484e+03
3.006959390283567700e+03
-3.559215961139717365e+03
2.368384905393438657e+03
1.200413320212956569e+04
3.458943369064191756e+03
-3.766509730802805279e+03
-1.423235659463082811e+03
7.249995157185547214e+03
1.373774689301440048e+02
-2.040383955973018965e+04
-9.457709150419954312e+03
-7.264277127327565722e+03
-4.741784222011537167e+03
-1.344130522951604871e+04
1.776182755543140956e+03
-2.746766875999104286e+03
-2.803178427769025075e+04
-1.213007956696911606e+04
7.255000109322506432e+03
2.960566620302235606e+03
-6.835059532783463510e+03
-1.729984851029561833e+04
