0.000000000000000000e+00
2.961986284752899792e+03
-6.697875988738598608e+03
1.426404566645193881e+03
1.132091333142332587e+04
-1.340594620866496143e+03
8.372884414848078450e+03
-1.501238023166388484e+04
6.438161791193777390e+03
7.781338040235228618e+03
-5.916922002259989313e+03
1.376894733137299772e+04
-4.847709588600368988e+02
-2.918439694273297391e+03
1.419175571177463553e+03
2.391965739017999113e+03
1.008275836732250355e+04
-1.376795121461964118e+04
8.542359711076478561e+03
9.380057035428957533e+03
2.298229238413562052e+04
4.347863986653353095e+03
-3.899851081300092119e+03
6.875988018825486506e+03
8.443456562799941821e+03
6.958824809175668634e+03
1.446379231157801769e+04
1.982822177202917010e+04
7.601533761156972105e+03
6.828294491715156255e+03
9.009054658474513417e+03
2.252998189778321830e+04
1.008293151148401012e+04
5.431040481023783286e+03
1.945791022356675239e+04
9.915233808947381476e+03
1.631053562147398407e+04
5.723594248586941831e+02
1.615239267372194081e+04
-1.149882839661044454e+04
7.882328806798592268e+03
1.018257545139261492e+04
1.191718160601285854e+04
-2.855774223001590144e+03
8.480959384394684093e+03
1.121688366810569460e+04
1.568082144000163680e+04
2.154940079484407761e+04
1.151983688346300551e+04
1.638292570216556305e+04
5.805438946383823350e+03
1.222579406838649265e+04
4.293107813598180655e+01
9.311038363669660612e+03
1.774089942790228815e+04
1.421515722942934553e+04
-4.323016933172189965e+03
1.952533502290853721e+04
6.489213222876585860e+03
1.495982192525965183e+04
3.368777947418238909e+04
-8.638345145921557560e+02
1.437273495114459183e+04
2.539871066092740875e+04
-3.752934613909341351e+03
2.455685960195353255e+04
4.796045207415751065e+03
1.712389451717921838e+04
2.647771562163074123e+03
6.965793945817627900e+03
1.289832099681517866e+04
5.559109424997135648e+03
2.131219354360758734e+04
1.539828114672814809e+04
1.027441617592774128e+04
2.367669605108789256e+03
2.268086417679760780e+04
1.345472007528582799e+04
1.960603961588753009e+03
-6.686003136403909593e+03
1.722368227074768947e+04
3.644577766977619831e+03
2.405921383935744961e+04
3.153896937054837326e+04
2.066817699067709327e+04
3.710060037746494345e+03
1.433690683640493262e+04
-1.034150463315858360e+04
2.016174854669285560e+04
9.670407585375745839e+03
2.674322049414571302e+04
1.532426526931256376e+03
-3.369291875729873937e+03
-1.814048245933010548e+03
1.096361545876993478e+04
3.340965674357195894e+03
-7.010793619016340017e+03
1.282640502296044906e+04
-2.964043203038219872e+03
8.614749428525614348e+03
2.691706541545387881e+04
1.107409985360458813e+04
7.326035370250393498e+03
1.686576068306351226e+04
3.864548320770273858e+04
2.030015242665568803e+04
1.435766388179749811e+04
-1.750208438726732857e+04
2.711904463912742358e+03
5.736554655969121995e+03
1.082794924658595482e+04
4.004516392291146985e+03
7.497957810235720899e+03
1.416005187428083445e+04
6.581209720303530048e+03
1.193873993697575133e+04
1.063253991758592747e+03
2.464326953998144745e+04
2.173604380555917305e+04
9.513663222627656069e+03
3.041412879893276477e+04
1.059056511402730393e+04
1.154010058716110871e+04
2.034567823038086317e+03
2.269791619434266977e+03
1.310915539487161368e+04
3.342909204912262794e+03
6.734136529926156072e+03
2.450538080439101577e+03
1.537102278620694960e+04
1.016930280293152828e+04
1.345538112425847248e+04
2.255604261208288335e+03
-1.083842194561118595e+04
-2.721534312153708015e+02
-5.170824786389448491e+02
1.246570455111497540e+04
-2.268786398735862349e+03
6.269472617338079544e+03
-1.977045175458749327e+03
-1.816743680238940215e+03
4.120943156865827405e+03
-2.044959073320917923e+03
4.281975972382169857e+03
-1.305587767617687132e+04
-4.983994985405322041e+03
2.174716472623814298e+03
1.143869394500089402e+04
9.562050103167770430e+03
-4.729485242026403284e+02
2.016752078770064691e+04
-5.447358403841284598e+03
1.103870559465788574e+04
1.482237971241321020e+03
-7.909364984915964669e+03
1.175614669558621245e+04
-6.607361660354740707e+03
6.641136868103523739e+03
6.897350049245828814e+03
-8.696190378747508021e+02
-2.176063275204370439e+04
1.120941376362541087e+04
-1.458269494031762770e+04
1.115551695559759082e+03
-7.172159834366382711e+03
6.065599051703895384e+03
1.090137277425967659e+04
6.869420490009097193e+03
-3.403117104877556812e+03
-1.240885778491767633e+04
6.325323916767135415e+03
-1.944438361817582700e+04
7.576070230441946478e+02
-1.348302660238874705e+04
2.999128571753311917e+03
-2.471161389850706655e+03
7.723671606884545326e+01
1.490260437992582411e+03
6.875172229940748366e+03
-5.619407722430302783e+03
-1.611902103786437328e+04
-6.912889019975339579e+03
-6.830786745398943822e+03
-8.748779563054571554e+03
-1.433788659250164346e+04
-9.331917256906832336e+03
5.015440682496446243e+02
1.768571966735642491e+03
-1.396255302438742365e+04
-1.724085922768971432e+04
-2.270960012948369331e+04
-3.689975823208020302e+03
-5.579641055149526437e+03
-1.091640110413493676e+04
7.128095387598732486e+02
-1.321525425611895116e+04
-2.391653990135715503e+03
6.307589973334181195e+03
4.148448696203013242e+02
-5.424589970246402117e+03
-4.141213042336114995e+03
-4.400675279815965041e+03
7.588538433635363617e+03
-1.872542282350521418e+04
-1.248831748671429523e+03
-1.841211185530956936e+04
-9.863045560331951492e+03
2.930929281944394461e+03
-7.095686745111673190e+03
-2.115581719075198635e+03
-1.851890102244870650e+04
-1.228623447922526975e+04
-9.335005728251349865e+03
-5.860253950174957936e+03
-1.291137822153196430e+04
-1.920557036373175652e+04
-1.684718050047300494e+04
-7.600330894776424429e+03
2.093810108296476756e+03
-2.105946349640531844e+04
-2.510074562900002638e+04
-1.457906344041902048e+04
-1.525847259222792673e+04
-1.228172352941582358e+04
-1.687575025661450854e+04
-1.185507452837536039e+04
-6.812667508642400207e+03
-1.760534140806802316e+04
-9.545855880710087149e+03
-4.516246307797174086e+04
-8.633945825569873705e+03
1.242021783556732771e+03
2.810524268193057651e+03
-1.219826087163295961e+04
-7.251039315682080996e+03
-1.726751796017830566e+04
-7.743045603743385072e+03
-1.166791712113935318e+04
-1.622884168901055091e+04
-2.212645256967773457e+04
-5.343445943598535450e+03
-2.060749217188597686e+04
-1.006055994895050753e+04
-1.556969872338321147e+04
-4.169958607643460709e+03
-2.173720837555405888e+04
-2.302435004152353213e+04
-1.836415821647877965e+04
-2.031834681681333313e+04
-5.083076512821436154e+03
-6.843506737650053765e+03
-1.105412519257243912e+04
-8.683215886052461428e+03
-2.181806140459368180e+04
-1.824812660112002413e+04
-2.112387701393500902e+04
-1.615354953278689754e+04
-2.664796285597243696e+04
-1.573660076921883228e+04
-6.267171391065106945e+03
-9.479548689766534153e+03
-2.522118745048544224e+04
-1.722143810786524409e+04
-1.058067112777728653e+04
-2.613763027050876917e+04
1.507992993134215794e+03
2.803244194195322052e+02
-1.351480663726172133e+04
-9.893393447936929078e+03
-4.356550628643263735e+03
-4.988431708306714427e+03
-2.840453029999793944e+04
-1.084358762110566568e+04
-1.120854180307468778e+04
-9.989742596802794651e+03
-8.475068507662474076e+03
-2.809319735809422127e+04
-1.527067083932418609e+04
-1.396463182205423800e+04
-5.509529900332699981e+02
-1.902374722710620699e+04
6.642453308918258699e+03
3.374707769946927328e+03
-4.746620113225679233e+03
-2.357622672534073354e+04
-4.723672502194282060e+03
-1.650345631175076778e+04
-1.492160151000693804e+04
-8.745490955307166587e+03
-6.801932710948825843e+03
-1.532526634489796197e+04
-2.670460161887303911e+02
-1.462803879876704923e+04
3.475806981685679602e+03
-1.622122485213902110e+04
-8.245284419128482114e+03
-7.502835099751626331e+03
-8.130665271894948091e+03
2.533984367380865478e+03
1.046604831860875311e+04
-2.344949302196051212e+04
-6.165683474059021137e+03
2.525839116224604368e+03
1.602714632567871377e+04
-7.570590846401288218e+03
-3.135857449022782930e+02
-1.904994057697095195e+04
5.118045248737344082e+03
-1.651775145371986218e+04
-7.227302154362854708e+03
-4.496249222860410555e+03
-4.876841828636708669e+03
-2.719196164641885844e+04
-3.111561991717617730e+03
-6.750948843660129569e+03
-2.054922156332851591e+04
1.659809083279809420e+04
-4.464463843410528170e+03
-1.276962822799961396e+04
-6.666981044802817451e+03
-1.153054371234625796e+04
-5.665486386288621361e+02
-2.160890249893971486e+03
-2.620506204295020325e+03
2.810587278939983662e+04
-7.264862248653607821e+03
3.278056389045277228e+03
-8.363594681531396418e+03
1.879963578900666107e+04
9.889873126154558122e+03
6.133130815352711579e+03
-9.931982198656660330e+02
1.649372874495318320e+04
1.458792154022053728e+04
-3.907173801775338688e+03
-2.423330344878909273e+03
1.971304091242127924e+03
1.666294731046517336e+04
1.573171239772056651e+03
-7.557274473215620674e+02
-2.475733914887945502e+03
-5.239945343681374652e+03
6.864349436088557923e+03
1.217371132451786070e+04
1.088409701233076703e+04
9.999305978553988098e+03
5.599740838107247328e+03
-4.541996715025366939e+03
1.567934923567063925e+04
-2.484550810979531889e+03
9.392808256091293515e+03
1.246735740995384185e+04
-2.564617793637688010e+03
8.715228118789784276e+03
2.126043945924659783e+04
1.298290565221590987e+04
1.898553599840010429e+04
1.187158285826283463e+04
6.107255296454603922e+03
2.188329702244446526e+04
6.983436643634944630e+03
2.070304294807155384e+04
3.208061889855838672e+03
1.277966783958465385e+04
1.873808258594873405e+04
9.205557201166320738e+03
1.769755832891202590e+04
2.356897545332508889e+04
-2.492989487905746500e+03
1.574244943460581999e+04
-1.134209172484015653e+03
1.618242346942841868e+04
2.259236308882553567e+04
7.309440922093381232e+02
2.029894434126398846e+04
2.544014978375622741e+04
2.362458838574314723e+04
1.883446987864535186e+04
1.353694868104722082e+04
1.559692030219680964e+04
2.027857139314717642e+04
2.193822218803254509e+04
1.575278587781337046e+04
1.206551815488059401e+04
-6.646291131758032861e+03
8.171534043666342768e+02
8.311883704087493243e+03
2.608993144997863419e+04
2.471793282730942155e+04
2.470322689229941898e+04
2.348519476208277410e+04
1.096215335938388307e+04
5.379979490495285063e+03
1.089853233596718565e+04
2.703112236010835477e+04
2.047993521905829766e+04
-7.084766018934775275e+03
-3.789117392088337510e+01
1.984154000240189271e+04
1.263730091667842862e+04
1.772782650015658874e+04
1.379853731013945435e+04
2.593703656027212128e+04
1.579894326685576743e+04
1.741162211770741487e+04
1.408343815944866401e+04
1.057051452781134503e+04
1.700360251220604550e+04
7.740466844334719099e+03
2.801236453810184321e+04
1.237950615975591245e+04
3.150822228140720472e+04
2.100757921006206743e+04
1.942043981503352916e+04
1.414293647933899229e+04
6.942457088196452787e+03
1.260863354577462087e+04
4.260014769857253668e+03
1.672800433669886479e+04
-4.881215864523286655e+03
2.044071752267328702e+04
1.011684687812803713e+04
2.772092707290393446e+04
2.911851697347682057e+04
1.626993208204778057e+04
2.796355311748588065e+03
1.339152806736270577e+04
2.985838506381487605e+04
1.120021133230616579e+04
9.646099828522972530e+03
-4.881089956246290967e+03
2.512190291898459691e+02
1.507352344445710696e+04
4.119053827357255614e+03
6.522425805885142836e+03
9.159495400445452105e+03
8.724888668189849341e+03
4.330928931442353132e+03
7.962074864042331683e+03
1.532470109752649660e+04
-1.376865743504638885e+03
9.243525344341262098e+03
-2.835193303766236568e+02
-9.146158727566280504e+02
-9.619074011889471876e+03
1.058338363775904872e+04
1.532730882001684950e+04
-2.590510495891039682e+02
-4.431801003732975005e+03
1.095661337791746155e+04
-3.732534251017650604e+03
2.612088792319561253e+04
3.120331627082315754e+04
-6.144257915384971966e+03
3.183088587705208920e+04
1.252820363402170187e+04
1.390043816006258567e+04
-1.284686134428478908e+03
1.314772187875036707e+03
1.448454077533269628e+04
-9.921574686217685667e+03
1.241412234724971859e+04
4.682490444558618037e+03
-2.031021757142272691e+03
5.916893495188207453e+03
-4.918278908147914990e+03
-1.020228520917549031e+04
-1.187384241677003956e+03
-1.559516284879852901e+04
1.716511815707459755e+04
2.368761584110395233e+03
-1.000405358850891571e+04
-8.847773915909825519e+03
-1.045350712331421892e+04
8.532874059960389786e+03
-1.066143197285326096e+04
-6.078691353904868265e+03
-6.271558693745143501e+03
-7.820251130121523602e+03
-1.234176933873588860e+04
-1.231790521185432954e+04
-1.121294279316569373e+04
1.112013519228675068e+04
4.099585387009998158e+03
4.729947832691023905e+03
-3.597829164336963004e+01
6.959390317265986596e+03
-1.331652352331811926e+04
8.777937417438024568e+02
-2.296291924951952751e+04
-1.562577302272445922e+04
9.259586161319024541e+03
-1.838358807876861829e+04
2.926070694446695597e+03
-2.623020442832457775e+02
-2.681448374334534492e+03
5.490569527449661109e+02
2.279834957902046881e+03
-1.189480632038450676e+04
8.802900622407989431e+03
