0.000000000000000000e+00
3.766982932090334998e+03
2.658744390693877904e+03
7.512648499819324570e+03
6.035968604354025956e+03
1.004663955510207416e+03
-2.439985443118350759e+02
-9.722230388023770047e+02
4.261804107512060000e+03
5.272359744017531739e+03
4.780600506476870578e+03
7.960097888552207223e+03
1.180980605206050313e+03
5.159729006037605359e+03
5.676610734486119327e+03
8.484904160911482904e+03
6.281262964869192729e+03
5.876204393019976123e+03
5.397131832577348177e+03
4.303991575101709714e+03
3.126550104805864066e+03
3.948992108834719602e+03
3.826495593277123589e+03
4.865948642020084662e+03
4.097292573041841933e+03
5.198668780872975731e+03
5.469641447856368359e+03
4.406858648124250067e+03
5.325546983527528937e+03
6.286866057304854621e+03
5.843616226162911516e+03
5.787926832129079230e+03
5.984356836840559481e+03
6.774104648292894126e+03
7.802651747348150820e+03
7.751870483787101875e+03
9.416570713616745707e+03
9.501658941727397178e+03
1.046364197603774119e+04
1.099099915513644191e+04
1.115575864632308367e+04
1.095617337025385859e+04
1.133571960915487944e+04
1.165619790969579662e+04
1.309820163317341212e+04
1.313702619045574465e+04
1.370000000000000000e+04
1.370000000000000000e+04
1.370000000000000000e+04
1.370000000000000000e+04
1.370000000000000000e+04
1.370000000000000000e+04
1.370000000000000000e+04
1.370000000000000000e+04
1.370000000000000000e+04
1.370000000000000000e+04
1.370000000000000000e+04
1.370000000000000000e+04
1.370000000000000000e+04
1.370000000000000000e+04
1.370000000000000000e+04
1.370000000000000000e+04
1.370000000000000000e+04
1.370000000000000000e+04
1.370000000000000000e+04
1.370000000000000000e+04
1.370000000000000000e+04
1.370000000000000000e+04
1.370000000000000000e+04
1.370000000000000000e+04
1.370000000000000000e+04
1.370000000000000000e+04
1.370000000000000000e+04
1.370000000000000000e+04
1.370000000000000000e+04
1.370000000000000000e+04
1.370000000000000000e+04
1.370000000000000000e+04
1.370000000000000000e+04
1.370000000000000000e+04
1.370000000000000000e+04
1.370000000000000000e+04
1.370000000000000000e+04
1.370000000000000000e+04
1.370000000000000000e+04
1.370000000000000000e+04
1.370000000000000000e+04
1.370000000000000000e+04
1.370000000000000000e+04
1.370000000000000000e+04
1.370000000000000000e+04
1.370000000000000000e+04
1.370000000000000000e+04
1.370000000000000000e+04
1.370000000000000000e+04
1.370000000000000000e+04
1.370000000000000000e+04
1.370000000000000000e+04
1.370000000000000000e+04
1.370000000000000000e+04
1.370000000000000000e+04
1.370000000000000000e+04
1.370000000000000000e+04
1.370000000000000000e+04
1.350762353018861722e+04
1.335237227122517288e+04
1.306683045137436602e+04
1.303607112592483281e+04
1.270815608192841682e+04
1.236653536130862994e+04
1.227388154624804702e+04
1.203651795309337467e+04
1.180128935517762147e+04
1.167445036444133257e+04
1.129193039575439980e+04
1.097653914184668793e+04
1.069156306876328381e+04
1.043331013302583960e+04
1.014211681822051651e+04
1.000683400772593450e+04
9.797462495454954478e+03
9.435978240560780250e+03
9.144952848192027886e+03
8.920252770716630039e+03
8.798056998477724846e+03
8.620760244051016343e+03
8.360324615685454773e+03
8.049767861249184534e+03
7.876427243271466068e+03
7.665435344868648826e+03
7.344569486073949520e+03
7.103415995053222105e+03
6.888993383265107695e+03
6.623617749052956242e+03
6.391966012978614344e+03
6.148024411035597041e+03
5.898285807202075375e+03
5.627054867808003110e+03
5.368377561928166870e+03
5.109371274118491783e+03
4.844687972874393381e+03
4.579941587722480108e+03
4.301178271436718205e+03
4.051613797374026490e+03
3.778318931453157802e+03
3.502563090039733652e+03
3.218414135033853654e+03
2.951696484738465188e+03
2.690921863022328125e+03
2.407629970325293471e+03
2.128412978097778705e+03
1.865462131757009729e+03
1.593225406501682528e+03
1.342039632169131892e+03
1.083335289907340893e+03
8.215216019811409751e+02
5.279119325999174634e+02
2.588567824702369080e+02
-3.156695598469917030e+01
-2.939154631383115657e+02
-5.448731737645296107e+02
-8.242388109125562323e+02
-1.076517292586645681e+03
-1.348558295933786212e+03
-1.620790054227501059e+03
-1.874680702810159573e+03
-2.125444794689378341e+03
-2.364141912756177135e+03
-2.631898920128522605e+03
-2.883230831298865269e+03
-3.113269554023326691e+03
-3.309501652846583511e+03
-3.583858558889014148e+03
-3.861293369407142109e+03
-4.162451426230782999e+03
-4.359462028713162908e+03
-4.590516443184379568e+03
-4.854476019737036950e+03
-5.065636155187378790e+03
-5.320499355216400545e+03
-5.528581938636933046e+03
-5.829503423748708883e+03
-6.096109385814145753e+03
-6.260550935975548782e+03
-6.506407346192083423e+03
-6.689752703133874093e+03
-6.989462647778751489e+03
-7.228255586380251771e+03
-7.440599980128284187e+03
-7.605558473124860939e+03
-7.850809627871174598e+03
-8.077714170755047235e+03
-8.409304090190755232e+03
-8.625257053561244902e+03
-8.741646544002131122e+03
-8.917117899467051757e+03
-9.150445231896099358e+03
-9.250827166119408503e+03
-9.410684132371507076e+03
-9.572459159471734893e+03
-9.654132206423915704e+03
-9.850495968533326959e+03
-1.001964385155838318e+04
-1.008125090564104175e+04
-1.027528299077785050e+04
-1.036964309762821540e+04
-1.062755019921761414e+04
-1.087707326183447185e+04
-1.106374030119587223e+04
-1.102710703717017350e+04
-1.117707814328773566e+04
-1.129682615344344777e+04
-1.138264078271074686e+04
-1.140072755079735180e+04
-1.148582484915965506e+04
-1.180954665343932356e+04
-1.188616471577120319e+04
-1.196373766518985940e+04
-1.218568356781718649e+04
-1.218725852015487908e+04
-1.226813913270840021e+04
-1.233783411843625072e+04
-1.237996723397581263e+04
-1.255517873897610662e+04
-1.255691814648934633e+04
-1.263602870120487205e+04
-1.249832330762986567e+04
-1.243939380262521263e+04
-1.238431819685293885e+04
-1.246620517475286397e+04
-1.258638940643713431e+04
-1.270414508159787329e+04
-1.289972778192725491e+04
-1.297501915703440500e+04
-1.295313574108536341e+04
-1.296128279568991275e+04
-1.281873600048262961e+04
-1.274843889759357262e+04
-1.263698523103602929e+04
-1.267375068570897020e+04
-1.276301819800396515e+04
-1.274194985898997402e+04
-1.268641285404666087e+04
-1.271981174139572613e+04
-1.277208924604609456e+04
-1.263116327504886249e+04
-1.251936798497330528e+04
-1.238564784603267435e+04
-1.222832533498216435e+04
-1.223792119526030547e+04
-1.220579582588076119e+04
-1.216418356973677510e+04
-1.212709667452610665e+04
-1.204256108425131242e+04
-1.198612121355216732e+04
-1.194493940082618792e+04
-1.187049237575860752e+04
-1.174816178343917272e+04
-1.152990529365870498e+04
-1.147522618294455242e+04
-1.144684840376506145e+04
-1.142107707973993820e+04
-1.118471916913662608e+04
-1.099233342242286017e+04
-1.087219547286571833e+04
-1.077891988732067875e+04
-1.064772390489809186e+04
-1.062061303470763596e+04
-1.045392047256118349e+04
-1.031221705945421490e+04
-1.017794648363028318e+04
-9.975312061546654149e+03
-9.873524598013495051e+03
-9.722158546814705915e+03
-9.499085790843597351e+03
-9.350888689562652871e+03
-9.204725739891664489e+03
-8.961597711336451539e+03
-8.783187706317408811e+03
-8.582132452991576429e+03
-8.389598579732200960e+03
-8.186171412319635238e+03
-7.983416342796434037e+03
-7.790966981610932635e+03
-7.577971902160594254e+03
-7.319455241595590451e+03
-7.140727728760183709e+03
-6.931124918654178146e+03
-6.718720984979657260e+03
-6.434193364866648153e+03
-6.180730915778922281e+03
-5.942178858650122493e+03
-5.680989559447063584e+03
-5.436982992487231968e+03
-5.227786617892982576e+03
-4.997657912694944571e+03
-4.710190489280114889e+03
-4.467033802554329668e+03
-4.215007582043320326e+03
-3.939267088339194743e+03
-3.672377671636890227e+03
-3.417110885872294602e+03
-3.147803617624605067e+03
-2.887571985925349964e+03
-2.639557950756002811e+03
-2.399251689072557838e+03
-2.144919521251833885e+03
-1.887493013842794653e+03
-1.632654518668644641e+03
-1.366298138284979132e+03
-1.107483395995456021e+03
-8.335001199712186235e+02
-5.693728918359248610e+02
-3.173878475197956845e+02
-4.711698582613892228e+01
2.290746871973514658e+02
4.909900105997684818e+02
7.454543126800853088e+02
1.008185846597473642e+03
1.273324920896175172e+03
1.529532851406763712e+03
1.794875472515438787e+03
2.068533318495669846e+03
2.330698947573876467e+03
2.605251030020695907e+03
2.851520211139559706e+03
3.111981268581303993e+03
3.357546357666271433e+03
3.616744394573967384e+03
3.891816224800458713e+03
4.160407355046059820e+03
4.437588350482482383e+03
4.677592500404150087e+03
4.938500490458135573e+03
5.202785079554926597e+03
5.464265575378602080e+03
5.697424779870664679e+03
5.972870992546369962e+03
6.214115065239312571e+03
6.423732932889806762e+03
6.675878331762331982e+03
6.899999971058457049e+03
7.103837680908291077e+03
7.327279735232042185e+03
7.556738205324201772e+03
7.769056741714423879e+03
7.974564031466779852e+03
8.152846214696471179e+03
8.395992661652264360e+03
8.561728203818525799e+03
8.747029818107053870e+03
8.950904355515651332e+03
9.165589514497056371e+03
9.350652458006214147e+03
9.546925106193182728e+03
9.779504836566422455e+03
9.966672197653733747e+03
1.014792959964937290e+04
1.029310878858629258e+04
1.045771361305783830e+04
1.064227393288625899e+04
1.081225778637462281e+04
1.097688200539186619e+04
1.116908885090285730e+04
1.125444247633855593e+04
1.141681507943800352e+04
1.158034508333114718e+04
1.174639884438369518e+04
1.185874576173571768e+04
1.198446682818343106e+04
1.208475221517348109e+04
1.224164419940031257e+04
1.242793395192708886e+04
1.252092284111609661e+04
1.263268225068020365e+04
1.268476194165267225e+04
1.281172485145346764e+04
1.292556714646594082e+04
1.304238937259469094e+04
1.317790847612211837e+04
1.322549305804816322e+04
1.334165187643526770e+04
1.338457019356268938e+04
1.341147340815600546e+04
1.340210947458839473e+04
1.344713397195208745e+04
1.343620011985256497e+04
1.354608175395488797e+04
1.354712143490425115e+04
1.358610757906098661e+04
1.365287974488102736e+04
1.362067652161945989e+04
1.358217363457025385e+04
1.361259504876964093e+04
1.356048130520145060e+04
1.362865469840933656e+04
1.362468201597583356e+04
1.370000000000000000e+04
1.370000000000000000e+04
1.370000000000000000e+04
1.370000000000000000e+04
1.370000000000000000e+04
1.370000000000000000e+04
1.370000000000000000e+04
1.370000000000000000e+04
1.369033398265747383e+04
1.349809608317004677e+04
1.343991454621853336e+04
1.332398336744980224e+04
1.322732659709485051e+04
1.319770538900776955e+04
1.316247450503633809e+04
1.305440585726361678e+04
1.293004285360410540e+04
1.275441903357158299e+04
1.262267939227836541e+04
1.254738701175297865e+04
1.240089395829621571e+04
1.231462947145990074e+04
1.215766500603866371e+04
1.207882590100367634e+04
1.195159847402952437e+04
1.177248997665647221e+04
1.162562342214169257e+04
1.145700393680797060e+04
1.128281536674878407e+04
1.106831167017550979e+04
1.092426611193167628e+04
1.076056901718287736e+04
1.058913750948969755e+04
1.037611457114734367e+04
1.013036565754081494e+04
9.946728111384440126e+03
9.751863529531457971e+03
9.557873451456545808e+03
9.336079733062197192e+03
9.116356970959221144e+03
8.847670522325186539e+03
8.633962967913203101e+03
8.434118714980224468e+03
8.218933485283661867e+03
7.974597885672429584e+03
7.742511993763764622e+03
7.523736367432355109e+03
7.332604533804586026e+03
7.115790817153893840e+03
6.878911096331569752e+03
6.661337286543296614e+03
6.444350914553363509e+03
6.203486407042500105e+03
5.992531891608099613e+03
5.751754122722240027e+03
5.513449669923969850e+03
5.256639353104147631e+03
5.016547222226580743e+03
4.752680805207720368e+03
4.501197738751950965e+03
4.227055451358679420e+03
3.968252128461096618e+03
3.704797736871139932e+03
3.444695129194500169e+03
3.180852582801976951e+03
2.906983803990292927e+03
2.623441210610491908e+03
2.349654576034293768e+03
2.082077773456261639e+03
1.816392695613830938e+03
1.541586000723999177e+03
1.262828935627366036e+03
9.868419604212850800e+02
7.223184376921727790e+02
4.496391407018308541e+02
1.679504112657788539e+02
-1.182927213241977000e+02
-3.992761270616486513e+02
-6.884123262583578935e+02
-9.622930121732497355e+02
-1.239849442744181033e+03
-1.501832460583674901e+03
-1.785344384735878066e+03
-2.052353266777381123e+03
-2.313759476574149176e+03
-2.598572191042117538e+03
-2.851476380714977040e+03
-3.101624229767906854e+03
-3.364795668707993173e+03
-3.638440986493399123e+03
-3.892754031292836316e+03
-4.142203040341299129e+03
-4.411120497353191240e+03
-4.650328915137968579e+03
-4.909700689491162848e+03
-5.153191170113414955e+03
-5.366441279093123740e+03
-5.622869836412934092e+03
-5.877706623951359688e+03
-6.138903813305833864e+03
-6.387004884019668680e+03
-6.610391490108345351e+03
-6.818548935419959889e+03
