0.000000000000000000e+00
2.700000000000000000e+02
5.399460017999759884e+02
8.097300305984399529e+02
1.079244176380945191e+03
1.348380637082652356e+03
1.617031761707719397e+03
1.885090093388263313e+03
2.152448412365675267e+03
2.418999778877094286e+03
2.684637575929887134e+03
2.949255551947022468e+03
3.212747863266286004e+03
3.475009116476333929e+03
3.735934410572652268e+03
3.995419378916560618e+03
4.253360230980474626e+03
4.509653793862733437e+03
4.764197553555386548e+03
5.016889695948429107e+03
5.267629147554086558e+03
5.516315615934865491e+03
5.762849629819188522e+03
6.007132578888578792e+03
6.249066753220470673e+03
6.488555382370877851e+03
6.725502674081278201e+03
6.959813852594244054e+03
7.191395196562476485e+03
7.420154076536098728e+03
7.645998992013199313e+03
7.868839608038812003e+03
8.088586791337696013e+03
8.305152645966454656e+03
8.518450548470742433e+03
8.728395182533493426e+03
8.934902573100305744e+03
9.137890119968347790e+03
9.337276630825335815e+03
9.532982353725379653e+03
9.724929008988694477e+03
9.913039820512429287e+03
1.009723954648008475e+04
1.027745450945723860e+04
1.045361262586153316e+04
1.062564343479514901e+04
1.079347812622822858e+04
1.095704956852196301e+04
1.111629233528035911e+04
1.127114273151992165e+04
1.142153881914680096e+04
1.156742044173119939e+04
1.170872924856914506e+04
1.184540871802199581e+04
1.197740418012433838e+04
1.210466283845124781e+04
1.222713379123615414e+04
1.234476805173086541e+04
1.245751856779962145e+04
1.256534024073931505e+04
1.266818994331837348e+04
1.276602653702707539e+04
1.285881088853240726e+04
1.294650588533087648e+04
1.302907645059301467e+04
1.310648955719364312e+04
1.317871424092228153e+04
1.324572161286842129e+04
1.330748487097670477e+04
1.336397931076738860e+04
1.341518233521780348e+04
1.346107346380086892e+04
1.350163434067702474e+04
1.353684874203632353e+04
1.356670258258774265e+04
1.359118392119310556e+04
1.361028296564338598e+04
1.362399207657545230e+04
1.363230577052771878e+04
1.363522072213345018e+04
1.363273576545087235e+04
1.362485189442952469e+04
1.361157226251269822e+04
1.359290218137610100e+04
1.356884911880325672e+04
1.353942269569849122e+04
1.350463468223869859e+04
1.346449899316543087e+04
1.341903168221917986e+04
1.336825093571810248e+04
1.331217706528373128e+04
1.325083249971659825e+04
1.318424177602501368e+04
1.311243152961058877e+04
1.303543048361443289e+04
1.295326943742827825e+04
1.286598125437513227e+04
1.277360084856438880e+04
1.267616517092665163e+04
1.257371319443384891e+04
1.246628589851057041e+04
1.235392625264284106e+04
1.223667919919089945e+04
1.211459163541285307e+04
1.198771239470640103e+04
1.185609222707612389e+04
1.171978377883416215e+04
1.157884157154239074e+04
1.143332198020452233e+04
1.128328321071685605e+04
1.112878527658669736e+04
1.096988997492775343e+04
1.080666086174211159e+04
1.063916322649868744e+04
1.046746406601830677e+04
1.029163205767586987e+04
1.011173753193031735e+04
9.927852444193385963e+03
9.740050346048401479e+03
9.548406355830627945e+03
9.352997128580933349e+03
9.153900825384796917e+03
8.951197082108914401e+03
8.744966977547914212e+03
8.535293000993924579e+03
8.322259019241950227e+03
8.105950243044278068e+03
7.886453193027307861e+03
7.663855665084457542e+03
7.438246695258977525e+03
7.209716524130717517e+03
6.978356560721101232e+03
6.744259345930734526e+03
6.507518515524277973e+03
6.268228762677392297e+03
6.026485800100729648e+03
5.782386321756122925e+03
5.536027964180294475e+03
5.287509267431539229e+03
5.036929635675019199e+03
4.784389297422419986e+03
4.529989265441881798e+03
4.273831296354243023e+03
4.016017849931743513e+03
3.756652048115486195e+03
3.495837633768032902e+03
3.233678929177643113e+03
2.970280794330750723e+03
2.705748584969365766e+03
2.440188110450184013e+03
2.173705591422253747e+03
1.906407617340133356e+03
1.638401103829530257e+03
1.369793249922476207e+03
1.100691495179143658e+03
8.312034767134542790e+02
5.614369861396687611e+02
2.914999264571781055e+02
2.150026889074246128e+01
-2.484539902965590841e+02
-5.182548730003936726e+02
-7.877944624649769594e+02
-1.056964946448336377e+03
-1.325658660345770386e+03
-1.593768130254255311e+03
-1.861186115960572806e+03
-2.127805653835966041e+03
-2.393520099620164729e+03
-2.658223171077667303e+03
-2.921808990509217892e+03
-3.184172127101474416e+03
-3.445207639097928677e+03
-3.704811115774209156e+03
-3.962878719200979049e+03
-4.219307225777723033e+03
-4.473994067520810859e+03
-4.726837373089325411e+03
-4.977736008532237975e+03
-5.226589617740643007e+03
-5.473298662588859770e+03
-5.717764462748359620e+03
-5.959889235158579140e+03
-6.199576133138841215e+03
-6.436729285125737078e+03
-6.671253833020471575e+03
-6.903055970130838432e+03
-7.132042978692647921e+03
-7.358123266955594772e+03
-7.581206405818737949e+03
-7.801203165000933950e+03
-8.018025548731760864e+03
-8.231586830948652278e+03
-8.441801589986169347e+03
-8.648585742743520314e+03
-8.851856578316688683e+03
-9.051532791081688629e+03
-9.247534513215725383e+03
-9.439783346643269397e+03
-9.628202394394231305e+03
-9.812716291361732146e+03
-9.993251234447136085e+03
-1.016973501208031121e+04
-1.034209703310328950e+04
-1.051026835500579000e+04
-1.067418171150130729e+04
-1.083377153943272606e+04
-1.098897400499670766e+04
-1.113972702927636783e+04
-1.128597031307200632e+04
-1.142764536101998965e+04
-1.156469550499011530e+04
-1.169706592675210413e+04
-1.182470367990216801e+04
-1.194755771104086125e+04
-1.206557888019375969e+04
-1.217871998046679619e+04
-1.228693575692839113e+04
-1.239018292471081622e+04
-1.248842018632356849e+04
-1.258160824817181674e+04
-1.266970983627331225e+04
-1.275268971116748617e+04
-1.283051468201076568e+04
-1.290315361985246454e+04
-1.297057747008595288e+04
-1.303275926407011139e+04
-1.308967412991642414e+04
-1.314129930243740819e+04
-1.318761413225237993e+04
-1.322860009404693847e+04
-1.326424079398283720e+04
-1.329452197625530425e+04
-1.331943152879517584e+04
-1.333895948811355811e+04
-1.335309804328709288e+04
-1.336184153908222106e+04
-1.336518647821720515e+04
-1.336313152276098845e+04
-1.335567749466835448e+04
-1.334282737545115560e+04
-1.332458630498574530e+04
-1.330096157945709820e+04
-1.327196264844043435e+04
-1.323760111112151390e+04
-1.319789071165711539e+04
-1.315284733367756053e+04
-1.310248899393346983e+04
-1.304683583508930496e+04
-1.298591011766657357e+04
-1.291973621113991067e+04
-1.284834058418962013e+04
-1.277175179411455429e+04
-1.269000047540957166e+04
-1.260311932751215136e+04
-1.251114310172305341e+04
-1.241410858730626023e+04
-1.231205459677375984e+04
-1.220502195036106605e+04
-1.209305345969966038e+04
-1.197619391069291305e+04
-1.185449004560232243e+04
-1.172799054435122525e+04
-1.159674600505348644e+04
-1.146080892377492091e+04
-1.132023367353556932e+04
-1.117507648256121684e+04
-1.102539541179284970e+04
-1.087125033166305366e+04
-1.071270289814864009e+04
-1.054981652810907690e+04
-1.038265637392059034e+04
-1.021128929741608408e+04
-1.003578384314129653e+04
-9.856210210937895681e+03
-9.672640227864480039e+03
-9.485147319466710542e+03
-9.293806480408075004e+03
-9.098694244473021172e+03
-8.899888653954460096e+03
-8.697469228437892525e+03
-8.491516932994636591e+03
-8.282114145796875164e+03
-8.069344625167486811e+03
-7.853293476077834384e+03
-7.634047116106910835e+03
-7.411693240875458287e+03
-7.186320788968890156e+03
-6.958019906363043447e+03
-6.726881910366989359e+03
-6.492999253097327710e+03
-6.256465484498571641e+03
-6.017375214924420106e+03
-5.775824077294874769e+03
-5.531908688844348035e+03
-5.285726612476059017e+03
-5.037376317738170656e+03
-4.786957141437284918e+03
-4.534569247905043994e+03
-4.280313588933734536e+03
-4.024291863396914778e+03
-3.766606476571221265e+03
-3.507360499175625591e+03
-3.246657626144518417e+03
-2.984602135151120820e+03
-2.721298844897803065e+03
-2.456853073190003215e+03
-2.191370594810507555e+03
-1.924957599210948501e+03
-1.657720648037440242e+03
-1.389766632507340091e+03
-1.121202730654187690e+03
-8.521363644579199672e+02
-5.826751568775116539e+02
-3.129268888032268023e+02
-4.299945594569948071e+01
2.269991743209117772e+02
4.969610061444340658e+02
7.667780583915811121e+02
1.036342407838966665e+03
1.305546232340955385e+03
1.574281853957082831e+03
1.842441782021796371e+03
2.109918756139288234e+03
2.376605789086223467e+03
2.642396209605202785e+03
2.907183705071844088e+03
3.170862364018413246e+03
3.433326718497000456e+03
3.694471786265292394e+03
3.954193112778069008e+03
4.212386812967630249e+03
4.468949612796437577e+03
4.723778890565350594e+03
4.976772717960941009e+03
5.227829900825456207e+03
5.476850019633134252e+03
5.723733469656676789e+03
5.968381500807809061e+03
6.210696257136001805e+03
6.450580815969543437e+03
6.687939226683319248e+03
6.922676549077779782e+03
7.154698891353756153e+03
7.383913447667929177e+03
7.610228535253925656e+03
7.833553631094205230e+03
8.053799408128061259e+03
8.270877770981249341e+03
8.484701891202970728e+03
8.695186241996085300e+03
8.902246632426695214e+03
9.105800241099397681e+03
9.305765649284736355e+03
9.502062873485607270e+03
9.694613397429589895e+03
9.883340203474414011e+03
1.006816780341398407e+04
1.024902226867266108e+04
1.042583125987570020e+04
1.059852405578404432e+04
1.076703158158186852e+04
1.093128643650559206e+04
1.109122292080327861e+04
1.124677706201366891e+04
1.139788664055430672e+04
1.154449121460854258e+04
1.168653214430145636e+04
1.182395261515502534e+04
1.195669766081315538e+04
1.208471418502749475e+04
1.220795098289522139e+04
1.232635876134032333e+04
1.243989015883017237e+04
1.254849976431950381e+04
1.265214413541423164e+04
1.275078181574782502e+04
1.284437335156329937e+04
1.293288130749420088e+04
1.301627028153824722e+04
1.309450691921765974e+04
1.316755992692050677e+04
1.323540008441773534e+04
1.329800025655086938e+04
1.335533540408571389e+04
1.340738259372771245e+04
1.345412100729496160e+04
1.349553195004520603e+04
1.353159885815348207e+04
1.356230730533743372e+04
1.358764500862762907e+04
1.360760183328058156e+04
1.362216979683251884e+04
1.363134307229225487e+04
1.363511799047191744e+04
1.363349304145456335e+04
1.362646887519813572e+04
1.361404830127548303e+04
1.359623628775056750e+04
1.357303995919131012e+04
1.354446859381985269e+04
1.351053361980139925e+04
1.347124861067309575e+04
1.342662927991479955e+04
1.337669347466389991e+04
1.332146116857669404e+04
1.326095445383919468e+04
1.319519753233055235e+04
1.312421670594262469e+04
1.304804036605956571e+04
1.296669898220166033e+04
1.288022508983791340e+04
1.278865327737229927e+04
1.269202017230886486e+04
1.259036442660121065e+04
1.248372670119222676e+04
1.237214964975026123e+04
1.225567790160821460e+04
1.213435804391240890e+04
1.200823860298834734e+04
1.187737002493082764e+04
1.174180465542618185e+04
1.160159671881469694e+04
1.145680229640160542e+04
1.130747930402530437e+04
1.115368746889179783e+04
1.099548830568460835e+04
1.083294509195972569e+04
1.066612284283542613e+04
1.049508828498709045e+04
1.031990982995742888e+04
1.014065754679277234e+04
9.957403134016387412e+03
9.770219890950025729e+03
9.579182688395168952e+03
9.384367938685711124e+03
9.185853565124041779e+03
8.983718970812760745e+03
8.778045006894501057e+03
8.568913940212547459e+03
8.356409420405196215e+03
8.140616446447013914e+03
7.921621332650382101e+03
7.699511674140923787e+03
7.474376311820620685e+03
7.246305296832635577e+03
7.015389854542057037e+03
6.781722348046970183e+03
6.545396241234448098e+03
6.306506061396242330e+03
6.065147361419129084e+03
5.821416681565025101e+03
5.575411510856173663e+03
5.327230248080833007e+03
5.076972162435074097e+03
4.824737353816424729e+03
4.570626712785246127e+03
4.314741880209854571e+03
4.057185206611528429e+03
3.798059711225663250e+03
3.537469040795452656e+03
3.275517428114573249e+03
3.012309650335455444e+03
2.747950987059820818e+03
2.482547178228244320e+03
2.216204381825588371e+03
1.949029131419224086e+03
1.681128293547024896e+03
1.412609024972176030e+03
1.143578729821898378e+03
8.741450166272290971e+02
6.044156552810444509e+02
3.344985339315394413e+02
6.450161582840689789e+01
-2.054671038610228493e+02
-4.752996412484089319e+02
-7.448880669165156405e+02
-1.014124549089540096e+03
-1.282901396764385026e+03
-1.551111102785624098e+03
-1.818646386846930454e+03
-2.085400238401769002e+03
-2.351265959466188633e+03
-2.616137207296592806e+03
-2.879908036925418401e+03
-3.142472943537711672e+03
-3.403726904671646480e+03
-3.663565422226108694e+03
-3.921884564258544287e+03
-4.178581006556349166e+03
-4.433552073965178352e+03
-4.686695781457637167e+03
-4.937910874925932148e+03
-5.187096871682167148e+03
-5.434154100650074724e+03
-5.678983742232119766e+03
-5.921487867836021906e+03
-6.161569479044884247e+03
-6.399132546415269644e+03
-6.634082047887693989e+03
-6.866324006794187881e+03
