0.000000000000000000e+00
-3.782183463595339163e+03
4.716433570637023877e+03
6.392522215618629161e+03
9.716380207859896473e+03
5.828416463318069873e+03
6.793042251836943706e+02
-3.813242198645446024e+03
-9.037920811388845323e+03
2.170996188169698144e+04
2.682234058464514965e+04
-1.029792209691819608e+03
-3.603799571064907013e+03
9.327760432255745400e+02
5.123084773014929851e+03
-1.726684191894616106e+03
2.051846011166607241e+03
-2.665689709987449532e+03
-1.003192880046036771e+04
-4.791017486010825451e+03
1.229677501484999630e+04
-8.981985185609897599e+03
1.881517263659104356e+04
5.475074671719501566e+03
7.724506333547707982e+03
-9.529614123560340886e+02
1.975899567059762921e+04
2.185580632967769270e+04
7.533173669031348254e+02
1.693309442157410740e+04
1.086938519409988658e+04
-4.608690686589159668e+03
-7.877847735116075455e+03
1.721131344966099641e+04
1.358999301619698599e+04
1.367485010637083906e+04
3.658215518243843690e+04
7.277180550235812916e+03
1.446598354818746520e+04
1.455458184664609144e+04
1.760147256257708796e+04
6.400802208790119039e+02
5.243385281295472851e+03
2.481354612442553116e+04
2.666477462367807675e+03
2.865948927736692713e+04
-4.583273928798400448e+03
8.320802067286946112e+03
9.752146814822166561e+03
2.130182270113297272e+04
1.647678663596230399e+04
2.036300911491231091e+04
1.815137569804750819e+04
3.964634990924056910e+04
1.602804187385786827e+04
3.255668400497366747e+04
9.783731309868026074e+03
1.319183203751879955e+04
1.561592321663523580e+04
2.175346862157951546e+04
3.001337422883827094e+04
3.154727744187377539e+04
1.954982325165803559e+04
-2.261563996335777119e+03
2.782200655878958059e+04
-1.163029210476443586e+04
1.206561989968604757e+04
-7.334140065031722770e+03
5.677829774522487241e+03
2.092480237249680431e+04
1.849156440407792979e+04
7.077793529684596251e+03
2.042853929845847597e+04
2.744008880147138188e+04
2.004507142216107604e+04
1.473485001578801348e+04
1.044467898666387919e+04
5.017284206072097732e+04
2.110007832491279987e+04
9.845924403337208787e+03
1.149581971997089749e+04
1.545308027516461516e+04
4.360207357875788875e+04
1.419978235882869558e+04
8.152206848094346242e+03
1.463459382872408241e+04
-1.824327046335563864e+03
2.810243647983933624e+04
2.156291148244356009e+04
2.029790099695385288e+04
1.527048041791848300e+04
7.827938121791778940e+03
3.302555578403001709e+04
1.109262177140021231e+04
4.542245188070924632e+04
2.429118144262590795e+04
1.438738386249283394e+04
2.994203986617054397e+04
2.824065499273796377e+03
2.683203829800288804e+04
2.422114110118550889e+04
6.400363462693935617e+03
2.640411628311946697e+04
1.611635939297438199e+04
1.961939483430884502e+04
2.017040809737385280e+04
6.408931682512661610e+03
-3.002511202425057490e+03
1.508708335283952147e+04
9.290677319339938549e+03
2.215255015055396143e+03
3.469040272328060382e+03
3.369930997471568844e+04
-3.288684804210388393e+02
1.116279660297419468e+03
2.223892162041456322e+04
1.004116224813476947e+03
1.365104049684180427e+04
1.843890234864524245e+04
2.188188332171922957e+04
2.531026682578596228e+04
4.525562483282293215e+03
4.494767927863833393e+03
7.987819134776317696e+03
1.308254218267764190e+04
1.448787575870506407e+04
8.224369137588919330e+03
-6.818804552963708375e+03
3.715560440760698384e+03
7.789591186002695395e+03
1.601512192937236614e+04
-5.803742074425445026e+03
9.716232090900142794e+03
1.014396450727929005e+04
-5.064283867743870360e+03
-9.729135423377407278e+03
1.344368919169655783e+02
-1.450291429816229720e+04
7.462419002042548527e+03
1.855452313541856711e+04
5.339890073176319675e+03
3.121243893766538349e+03
-1.119246126404943789e+04
-3.621491889652178997e+03
1.092267824653945718e+04
1.928554264361535752e+04
1.029162548182326191e+03
4.050356672465159136e+01
1.677620056553545146e+04
7.809926931367101133e+03
-4.518486233392386566e+03
1.164594895081720460e+04
-5.628680233468026927e+03
-3.725332036011618584e+03
-3.034330368416143756e+03
-1.593200571938287339e+03
-1.395459900956457432e+03
-5.668414150033294391e+03
-2.697332846612610228e+04
-1.021066680030672728e+03
-7.060057292408523608e+02
-5.469330913362308820e+03
2.761189794254508797e+03
1.937395895666226352e+04
3.805230799937637130e+03
-4.397593676897873593e+03
-1.020747437197131512e+04
-2.030494423935410305e+04
5.240360466199982511e+03
-3.290878693041251154e+03
2.314517037688991695e+04
-7.019592126612893480e+03
-2.895887863427288721e+03
-1.092882382010990841e+04
-6.551686907149298349e+03
9.606975049611264694e+02
-1.689689168309309025e+03
-1.239787610882176523e+04
-1.030850611396876411e+04
2.267652353474775009e+04
8.362044182255878695e+03
6.266941185112471430e+03
-1.157808704928747102e+04
-6.355287773217946778e+03
2.920568577424530304e+03
-3.491758365375022549e+03
-1.543539688137835037e+04
4.142566208003481734e+03
6.593465798998825449e+03
8.709347931679316389e+03
-1.623818549944424740e+04
-1.725484489751837100e+04
1.215107308467278926e+03
-3.117256625893301134e+03
-2.718086027398449369e+04
2.407935030026346794e+02
-2.745907660082029906e+02
-3.008525939850637224e+04
-1.497142949547103672e+04
-1.604061830015871601e+04
-3.864616724288694968e+03
-1.074257837985652804e+04
-9.811169565437001438e+03
-1.671511798776002979e+04
-1.693533844746061368e+04
4.061010269720616634e+03
-1.368315766530486326e+04
-1.525514664503865788e+04
-5.733877084113634737e+03
-1.086880836680004359e+04
-5.519918587270531134e+02
-1.005184854230515157e+04
-8.144093029629266312e+03
-1.533686014117643208e+04
-1.238249983467604034e+04
-1.093261446786575107e+04
1.650035205507063438e+03
-1.235613636067506741e+04
-1.755633364462315149e+04
-3.139444692921466049e+04
3.466917377207804748e+03
-2.189449066842227330e+04
-1.753618616445822408e+04
-9.455299037047730963e+03
-1.032347904619752626e+04
-1.872900598921748315e+04
-1.075829507391089282e+04
-2.262117330477000360e+04
-2.627262384251791809e+04
-1.403836663421461890e+04
-1.049240565226569015e+04
-1.681006641587361082e+04
-1.463311569027488076e+04
-9.470053860896812694e+03
2.003607270444277674e+03
-2.182461463122101122e+04
-7.875128017689169610e+03
-1.267067899334331923e+04
-1.064851694870098981e+04
-1.244243680605601730e+04
9.938171982450567157e+02
-1.117514484097829700e+04
-9.432163822099922982e+03
-5.745324748644069587e+03
-2.115074299055041411e+04
-6.982109305201621282e+03
-1.609351373965761195e+04
-1.886007487324650720e+04
-1.781366312115848268e+04
5.337458331125708355e+02
-1.266752959381404617e+04
-1.167606506600223656e+04
-1.729805498019476363e+04
3.794531280343264370e+03
-2.362247752681866405e+04
-3.211275088417773077e+04
-1.866932588105792092e+04
-4.606829238839392929e+03
1.781783280494435530e+03
-1.278473998872761513e+04
-1.306015288075035824e+04
-9.141631433887074309e+03
5.102467769400864199e+02
7.501444689284300694e+03
-1.114501816007165326e+04
-2.175143802041407980e+03
-2.232342447694471048e+04
-1.116337511272379561e+04
-1.655269776408489270e+04
-2.174732931096154061e+04
1.765040733751941298e+04
-2.917626565625469448e+04
4.800451136621855767e+03
-4.884293693300377527e+03
6.569857218470506268e+03
-1.129298896652525582e+04
-4.944008282455901281e+03
-2.699908031111165656e+03
-9.045479523963811516e+03
4.292939894159242613e+03
-3.957778836752482675e+03
-2.150190902902972994e+03
-4.779072394559022541e+03
-2.865641072534362138e+03
-3.059617900990424823e+04
4.285426448874600283e+03
-2.587027837380425808e+03
-8.941422646585062466e+03
-1.165561862450923218e+04
-2.522339504596036932e+03
-1.215214390556015496e+04
-1.169176346116135574e+04
-4.624060099756279669e+02
-4.377295074314385602e+03
-1.363017877625991241e+04
-1.301774126834266553e+03
-4.049667628062798030e+03
7.424682378889486245e+03
-7.573525232245583538e+02
-1.627504403722881034e+04
-1.382633287250501780e+04
-1.402726058787301736e+04
-2.798349088677917280e+03
-4.100472982180515828e+03
-2.137313822116133815e+04
5.797209035882013268e+03
-2.504318983626672889e+03
-1.082408214265850438e+04
-1.144999418811094256e+04
1.732799838410441680e+03
1.493393025878033040e+04
4.738866577100157883e+03
-1.380291613255359880e+04
-5.274651620951101904e+03
-7.192921045958755712e+03
-1.661620698087865458e+04
1.403766984922993106e+04
1.391929157002427746e+04
-4.290629176412362540e+02
-9.777334810910329907e+03
3.390816727074378832e+03
4.908306377721993158e+03
-2.235742297895753654e+04
-2.301301892254459744e+04
2.405461148244780270e+04
1.966828105539651369e+04
4.711311111836134842e+03
2.540304123073813571e+03
-8.599467843960177561e+03
2.296244241338674328e+03
-9.257287460998653842e+03
1.876020160439790743e+03
5.009214790568080389e+03
2.270583262304304753e+03
7.094951937994100263e+03
-3.560650958274658478e+03
2.566953626123672166e+03
4.853048846902690457e+03
-1.076042402930936078e+03
8.666185851133532196e+02
1.515737301204959294e+04
1.049732494434738692e+04
-5.858347383468943917e+03
1.123874087999215772e+04
-4.664075876296537899e+02
-4.104153709756606986e+03
2.513056732084872783e+04
-6.518048654413483746e+03
4.203870100765791904e+03
1.830909643092617625e+04
1.589184920808523202e+03
1.216850906680469780e+04
1.949250760485121646e+04
3.679660994604611915e+03
8.530874949677699988e+03
2.362828630022885591e+03
-5.141745951716447962e+03
1.685661060528635790e+04
6.211570362528024816e+03
-8.538381902368855663e+02
1.901470275999010846e+04
2.175168531035773776e+04
1.462053562932116256e+04
-4.452002940676160506e+03
-3.823875065978369094e+03
7.786222176327684792e+03
-7.491666186636848579e+02
1.609518290345919013e+04
8.321795510601767091e+03
2.160869733407908643e+04
3.157348050895736378e+04
6.120695796116956444e+03
1.311351327864390623e+04
-5.999111010493361391e+02
2.452042638742619602e+04
6.775026142712154069e+03
2.399503552027453406e+04
1.369759466350779257e+04
1.728024755940934119e+04
1.775776369113898181e+04
1.701205187469191878e+04
1.341470332921722184e+04
-1.745496008353983052e+04
2.176392448750436597e+04
2.104545632849449612e+04
1.064010291556769153e+04
1.629625684314401042e+04
1.589100584314320258e+04
1.563534199971597809e+04
4.174035762872348641e+03
2.558594353805919309e+04
9.257828208223021647e+03
1.006210975724973105e+04
2.125809065312036546e+04
2.095619731927504472e+04
3.112930577828668902e+03
7.419333181829424575e+02
4.736512127966048865e+03
9.213504145818886172e+03
9.923458529532053944e+03
3.164716454689791135e+03
4.481967809247376863e+03
2.112876282737625297e+04
2.285112752764348261e+04
1.440933195452384098e+04
-4.527250792616285253e+03
1.063065614784606623e+04
5.045662138131583561e+03
-1.225066962787739612e+04
6.529235289052632652e+03
3.001799082972484393e+04
1.613611706405623409e+03
7.831901803913031472e+03
1.138779828288295357e+04
1.994411790052996002e+04
2.276564027465996696e+04
2.491719188948582450e+04
1.624511237489614723e+04
1.695128566848374248e+04
2.694378227453446743e+04
3.924559159213201201e+04
1.054572536545681760e+04
8.353145651689512306e+03
1.933263096616602706e+04
1.720709107834254974e+04
1.354408973708210578e+04
2.196031260122260210e+04
1.644325834393859623e+04
1.400866432130609064e+04
1.352703807848534780e+03
1.162459921218326781e+04
2.275644386531531200e+04
3.401112551727503160e+03
2.230574454774879268e+04
1.422236097083997811e+04
1.073847769077435623e+04
2.188757533702323417e+04
1.222913551617885605e+04
-4.673750633869025478e+03
7.480398836826059778e+03
-9.758672735072213982e+02
9.724069035526052176e+03
1.058985748419836273e+04
7.516738595135767355e+03
2.061104676845575341e+03
-2.269482701772244582e+03
1.211095685125518503e+04
1.035276683065797260e+04
8.654306791000148223e+03
-1.002370590730291042e+03
1.619210800839032345e+03
1.804646841030798169e+04
-3.744566099905622650e+03
2.388397029910077435e+03
-6.470597270192768519e+03
6.224640051997572300e+03
1.992112835344443738e+04
-5.401321374963904418e+03
-2.220724897049515221e+03
-7.157137759706345605e+03
7.129607713209969006e+03
6.915379835676050789e+03
1.441028604164952185e+03
-1.466007953024859671e+04
7.044303038387293782e+03
-3.318975382507862378e+03
1.540870062134821274e+04
1.206538964636521087e+03
-1.652160795942026016e+04
-1.685191686455168565e+02
2.102065691854876150e+03
-3.049667222010406022e+03
4.086749270614322086e+03
-7.680046360431123503e+03
-2.302379407872896536e+03
-1.680142865706795419e+04
-4.607523857285196755e+03
-1.063130801701043856e+04
-1.020787080599740511e+04
-5.723646178065708227e+03
9.670239682773313689e+03
-1.295749868313087427e+04
5.229455043094096254e+03
5.488880209872701016e+03
-4.671660002380313017e+03
-2.286090784118216561e+03
8.279676502360475752e+02
1.356922905238276599e+03
8.577792420884934472e+02
-3.131314775487209772e+03
-1.502252636745168275e+04
-1.196319527243394259e+04
-1.331032696491032766e+04
1.620737344275585201e+01
-1.451427075527792113e+04
-8.456237176279750202e+03
-3.287559781523566016e+03
1.593423320874533601e+03
-8.514632751285555059e+03
-8.903469289088558071e+03
